0.000 261918.0 0.0 0.0 0.0
0.003 253560.0 11534.0 0.0 0.0
0.005 244781.0 26978.0 0.0 0.0
0.008 240278.0 35066.0 0.0 0.0
0.010 237327.0 41200.0 0.0 0.0
0.013 234950.0 46220.0 0.0 0.0
0.015 231938.0 53684.0 0.0 0.0
0.018 230038.0 57516.0 0.0 0.0
0.020 228220.0 61182.0 0.0 0.0
0.023 226458.0 64720.0 0.0 0.0
0.025 224603.0 68252.0 0.0 0.0
0.028 220436.0 76574.0 0.0 0.0
0.030 218440.0 80386.0 0.0 0.0
0.033 216972.0 83290.0 0.0 0.0
0.035 215419.0 86482.0 0.0 0.0
0.038 212964.0 91564.0 0.0 0.0
0.040 211369.0 95014.0 0.0 0.0
0.043 210061.0 97546.0 0.0 0.0
0.045 209137.0 99434.0 0.0 0.0
0.048 207278.0 103284.0 0.0 0.0
0.050 205995.0 105796.0 0.0 0.0
0.053 203886.0 110114.0 0.0 0.0
0.055 200735.0 116308.0 0.0 0.0
0.058 199558.0 118426.0 0.0 0.0
0.060 198105.0 121112.0 0.0 0.0
0.063 196870.0 123624.0 0.0 0.0
0.065 195264.0 126614.0 0.0 0.0
0.068 193989.0 129292.0 0.0 0.0
0.070 192245.0 133296.0 0.0 0.0
0.073 190215.0 137402.0 0.0 0.0
0.075 189264.0 139690.0 0.0 0.0
0.078 186770.0 144688.0 0.0 0.0
0.080 184864.0 148540.0 0.0 0.0
0.083 183109.0 152000.0 0.0 0.0
0.085 181607.0 154976.0 0.0 0.0
0.088 181655.0 154930.0 0.0 0.0
0.090 177845.0 162662.0 0.0 0.0
0.093 169715.0 178398.0 0.0 0.0
0.095 167420.0 182494.0 0.0 0.0
0.098 162683.0 192024.0 0.0 0.0
0.100 161804.0 193282.0 0.0 0.0
0.103 157778.0 200690.0 0.0 0.0
0.105 156707.0 203050.0 0.0 0.0
0.108 154255.0 208326.0 0.0 0.0
0.110 154297.0 208052.0 0.0 0.0
0.113 153291.0 210144.0 0.0 0.0
0.115 151919.0 213036.0 0.0 0.0
0.118 148260.0 220742.0 0.0 0.0
0.120 147913.0 221314.0 0.0 0.0
0.123 146433.0 224514.0 0.0 0.0
0.125 144162.0 228708.0 0.0 0.0
0.128 143506.0 230254.0 0.0 0.0
0.130 143548.0 230198.0 0.0 0.0
0.133 135441.0 246502.0 0.0 0.0
0.135 141736.0 233838.0 0.0 0.0
0.138 138189.0 240520.0 0.0 0.0
0.140 137026.0 243406.0 0.0 0.0
0.143 137084.0 242970.0 0.0 0.0
0.145 137884.0 241170.0 0.0 0.0
0.148 135639.0 245530.0 0.0 0.0
0.150 132577.0 252482.0 0.0 0.0
0.153 128710.0 259434.0 1047.0 1047.0
0.155 126644.0 262814.0 1563.0 1563.0
0.158 126911.0 262494.0 1293.0 1293.0
0.160 124331.0 266498.0 2301.0 2301.0
0.163 124675.0 268472.0 372.0 372.0
0.165 124602.0 267940.0 1308.0 1308.0
0.168 120667.0 274756.0 1977.0 1977.0
0.170 116917.0 282230.0 2007.0 2007.0
0.173 117731.0 282072.0 240.0 240.0
0.175 114169.0 290056.0 0.0 0.0
0.178 109305.0 300356.0 0.0 0.0
0.180 106034.0 306202.0 234.0 234.0
0.183 105120.0 307836.0 546.0 546.0
0.185 104279.0 309232.0 657.0 657.0
0.188 102573.0 312010.0 489.0 489.0
0.190 100887.0 315302.0 348.0 348.0
0.193 99220.0 318368.0 0.0 0.0
0.195 100938.0 315598.0 0.0 0.0
0.198 98920.0 319016.0 0.0 0.0
0.201 98848.0 319294.0 0.0 0.0
0.203 96668.0 323462.0 0.0 0.0
0.206 95540.0 325754.0 0.0 0.0
0.208 93298.0 330662.0 0.0 0.0
0.211 91718.0 334218.0 0.0 0.0
0.213 89107.0 339324.0 0.0 0.0
0.216 89076.0 339452.0 0.0 0.0
0.218 88560.0 340646.0 0.0 0.0
0.221 84967.0 347614.0 0.0 0.0
0.223 85615.0 346336.0 0.0 0.0
0.226 85952.0 345768.0 0.0 0.0
0.228 85112.0 347206.0 0.0 0.0
0.231 84111.0 348862.0 0.0 0.0
0.233 83617.0 349622.0 0.0 0.0
0.236 82258.0 352568.0 0.0 0.0
0.238 80171.0 356678.0 0.0 0.0
0.241 79229.0 358882.0 0.0 0.0
0.243 78960.0 359352.0 0.0 0.0
0.246 79646.0 358056.0 0.0 0.0
0.248 78558.0 360256.0 0.0 0.0
0.251 77528.0 362448.0 0.0 0.0
0.253 75573.0 366480.0 0.0 0.0
0.256 76709.0 364256.0 0.0 0.0
0.258 74084.0 370668.0 0.0 0.0
0.261 72111.0 374232.0 0.0 0.0
0.263 70801.0 377210.0 0.0 0.0
0.266 69570.0 379608.0 0.0 0.0
0.268 68734.0 381244.0 0.0 0.0
0.271 70283.0 378008.0 0.0 0.0
0.273 69222.0 379934.0 0.0 0.0
0.276 69070.0 379902.0 0.0 0.0
0.278 68205.0 382102.0 0.0 0.0
0.281 65328.0 387796.0 0.0 0.0
0.283 65107.0 388436.0 0.0 0.0
0.286 65931.0 386774.0 0.0 0.0
0.288 63441.0 391982.0 0.0 0.0
0.291 61755.0 395984.0 0.0 0.0
0.293 59397.0 400190.0 0.0 0.0
0.296 59727.0 399596.0 0.0 0.0
0.298 56481.0 406284.0 0.0 0.0
0.301 56846.0 405642.0 0.0 0.0
0.303 58176.0 402916.0 0.0 0.0
0.306 55571.0 408294.0 0.0 0.0
0.308 55467.0 408466.0 0.0 0.0
0.311 55088.0 409432.0 0.0 0.0
0.313 54838.0 409832.0 0.0 0.0
0.316 55807.0 407476.0 0.0 0.0
0.318 54920.0 409600.0 0.0 0.0
0.321 53345.0 413008.0 0.0 0.0
0.323 47951.0 423622.0 0.0 0.0
0.326 48302.0 423310.0 0.0 0.0
0.328 49809.0 420310.0 0.0 0.0
0.331 47891.0 424200.0 0.0 0.0
0.333 43698.0 432588.0 0.0 0.0
0.336 45189.0 429334.0 0.0 0.0
0.338 41750.0 436260.0 0.0 0.0
0.341 42954.0 434118.0 0.0 0.0
0.343 43092.0 434114.0 0.0 0.0
0.346 42209.0 435960.0 0.0 0.0
0.348 43072.0 434038.0 0.0 0.0
0.351 41459.0 437352.0 0.0 0.0
0.353 41549.0 436822.0 0.0 0.0
0.356 34597.0 449964.0 0.0 0.0
0.358 39001.0 441362.0 0.0 0.0
0.361 40233.0 440024.0 0.0 0.0
0.363 31784.0 454542.0 0.0 0.0
0.366 28462.0 460096.0 0.0 0.0
0.368 23462.0 471626.0 0.0 0.0
0.371 26222.0 465912.0 0.0 0.0
0.373 22175.0 473150.0 0.0 0.0
0.376 25457.0 466228.0 0.0 0.0
0.378 24981.0 467420.0 0.0 0.0
0.381 22934.0 470940.0 0.0 0.0
0.383 22091.0 473856.0 0.0 0.0
0.386 21500.0 475502.0 0.0 0.0
0.388 20784.0 476764.0 0.0 0.0
0.391 20008.0 478754.0 0.0 0.0
0.393 18155.0 482604.0 0.0 0.0
0.396 18366.0 482328.0 0.0 0.0
0.398 17631.0 483562.0 0.0 0.0
0.401 13825.0 491874.0 0.0 0.0
0.404 15733.0 488018.0 0.0 0.0
0.406 15245.0 489282.0 0.0 0.0
0.409 16193.0 487186.0 0.0 0.0
0.411 15518.0 489138.0 0.0 0.0
0.414 15108.0 489974.0 0.0 0.0
0.416 14045.0 492014.0 0.0 0.0
0.419 16411.0 487226.0 0.0 0.0
0.421 14065.0 492176.0 0.0 0.0
0.424 13078.0 494398.0 0.0 0.0
0.426 9779.0 500486.0 0.0 0.0
0.429 9792.0 501290.0 0.0 0.0
0.431 10320.0 500812.0 0.0 0.0
0.434 12008.0 497456.0 0.0 0.0
0.436 11814.0 498236.0 0.0 0.0
0.439 12013.0 498122.0 0.0 0.0
0.441 11315.0 499486.0 0.0 0.0
0.444 10929.0 500336.0 0.0 0.0
0.446 10900.0 500730.0 0.0 0.0
0.449 11201.0 500470.0 0.0 0.0
0.451 11621.0 499618.0 0.0 0.0
0.454 9600.0 503068.0 0.0 0.0
0.456 9937.0 503040.0 0.0 0.0
0.459 8606.0 505870.0 0.0 0.0
0.461 9610.0 503692.0 0.0 0.0
0.464 9933.0 503018.0 0.0 0.0
0.466 9266.0 504366.0 0.0 0.0
0.469 7229.0 507844.0 0.0 0.0
0.471 6508.0 509264.0 0.0 0.0
0.474 6251.0 509938.0 0.0 0.0
0.476 5871.0 511328.0 0.0 0.0
0.479 5797.0 511672.0 0.0 0.0
0.481 6252.0 510686.0 0.0 0.0
0.484 6041.0 511106.0 0.0 0.0
0.486 5971.0 511152.0 0.0 0.0
0.489 6358.0 510220.0 0.0 0.0
0.491 6679.0 509342.0 0.0 0.0
0.494 4673.0 513894.0 0.0 0.0
0.496 6012.0 511234.0 0.0 0.0
0.499 4590.0 513958.0 0.0 0.0
0.501 4943.0 513430.0 0.0 0.0
0.504 5315.0 512760.0 0.0 0.0
0.506 5220.0 513084.0 0.0 0.0
0.509 4849.0 513836.0 0.0 0.0
0.511 5083.0 513374.0 0.0 0.0
0.514 4325.0 514954.0 0.0 0.0
0.516 4374.0 514848.0 0.0 0.0
0.519 4183.0 515164.0 0.0 0.0
0.521 3684.0 516168.0 0.0 0.0
0.524 1330.0 520894.0 0.0 0.0
0.526 1360.0 520902.0 0.0 0.0
0.529 1644.0 520352.0 0.0 0.0
0.531 1924.0 519842.0 0.0 0.0
0.534 2233.0 519364.0 0.0 0.0
0.536 2593.0 518622.0 0.0 0.0
0.539 2988.0 517574.0 0.0 0.0
0.541 3279.0 517182.0 0.0 0.0
0.544 3598.0 516520.0 0.0 0.0
0.546 3682.0 516296.0 0.0 0.0
0.549 3752.0 516132.0 0.0 0.0
0.551 4256.0 515008.0 0.0 0.0
0.554 3574.0 516284.0 0.0 0.0
0.556 3555.0 516278.0 0.0 0.0
0.559 3608.0 516178.0 0.0 0.0
0.561 3063.0 517112.0 0.0 0.0
0.564 3000.0 517438.0 0.0 0.0
0.566 3205.0 517044.0 0.0 0.0
0.569 3115.0 517264.0 0.0 0.0
0.571 3000.0 517366.0 0.0 0.0
0.574 2775.0 517892.0 0.0 0.0
0.576 1422.0 520502.0 0.0 0.0
0.579 1196.0 521106.0 0.0 0.0
0.581 1033.0 521524.0 0.0 0.0
0.584 713.0 522580.0 0.0 0.0
0.586 574.0 522874.0 0.0 0.0
0.589 951.0 521674.0 0.0 0.0
0.591 1806.0 520146.0 0.0 0.0
0.594 1812.0 520202.0 0.0 0.0
0.596 1548.0 520740.0 0.0 0.0
0.599 1345.0 521172.0 0.0 0.0
0.602 1279.0 521352.0 0.0 0.0
0.604 1072.0 521750.0 0.0 0.0
0.607 1040.0 521826.0 0.0 0.0
0.609 967.0 522010.0 0.0 0.0
0.612 1014.0 521908.0 0.0 0.0
0.614 965.0 522022.0 0.0 0.0
0.617 1052.0 521834.0 0.0 0.0
0.619 1092.0 521732.0 0.0 0.0
0.622 952.0 522038.0 0.0 0.0
0.624 712.0 522550.0 0.0 0.0
0.627 699.0 522552.0 0.0 0.0
0.629 49.0 523904.0 0.0 0.0
0.632 208.0 523530.0 0.0 0.0
0.634 209.0 523604.0 0.0 0.0
0.637 198.0 523716.0 0.0 0.0
0.639 340.0 523404.0 0.0 0.0
0.642 342.0 523396.0 0.0 0.0
0.644 422.0 523202.0 0.0 0.0
0.647 480.0 523042.0 0.0 0.0
0.649 568.0 522854.0 0.0 0.0
0.652 643.0 522698.0 0.0 0.0
0.654 667.0 522632.0 0.0 0.0
0.657 756.0 522406.0 0.0 0.0
0.659 798.0 522328.0 0.0 0.0
0.662 727.0 522482.0 0.0 0.0
0.664 820.0 522246.0 0.0 0.0
0.667 666.0 522554.0 0.0 0.0
0.669 674.0 522566.0 0.0 0.0
0.672 652.0 522580.0 0.0 0.0
0.674 686.0 522468.0 0.0 0.0
0.677 592.0 522644.0 0.0 0.0
0.679 420.0 523058.0 0.0 0.0
0.682 208.0 523640.0 0.0 0.0
0.684 155.0 523770.0 0.0 0.0
0.687 106.0 523938.0 0.0 0.0
0.689 61.0 524070.0 0.0 0.0
0.692 15.0 524156.0 0.0 0.0
0.694 52.0 524040.0 0.0 0.0
0.697 14.0 524156.0 0.0 0.0
0.699 0.0 524226.0 0.0 0.0
0.702 5.0 524186.0 0.0 0.0
0.704 0.0 524256.0 0.0 0.0
0.707 0.0 524256.0 0.0 0.0
0.709 0.0 524256.0 0.0 0.0
0.712 0.0 524288.0 0.0 0.0
0.714 5.0 524262.0 0.0 0.0
0.717 8.0 524220.0 0.0 0.0
0.719 25.0 524186.0 0.0 0.0
0.722 54.0 524088.0 0.0 0.0
0.724 92.0 523892.0 0.0 0.0
0.727 99.0 523954.0 0.0 0.0
0.729 61.0 523958.0 0.0 0.0
0.732 150.0 523764.0 0.0 0.0
0.734 156.0 523782.0 0.0 0.0
0.737 206.0 523640.0 0.0 0.0
0.739 204.0 523632.0 0.0 0.0
0.742 226.0 523552.0 0.0 0.0
0.744 261.0 523454.0 0.0 0.0
0.747 171.0 523642.0 0.0 0.0
0.749 259.0 523408.0 0.0 0.0
0.752 165.0 523708.0 0.0 0.0
0.754 74.0 523980.0 0.0 0.0
0.757 149.0 523756.0 0.0 0.0
0.759 172.0 523696.0 0.0 0.0
0.762 168.0 523696.0 0.0 0.0
0.764 163.0 523746.0 0.0 0.0
0.767 124.0 523840.0 0.0 0.0
0.769 50.0 524000.0 0.0 0.0
0.772 72.0 523876.0 0.0 0.0
0.774 19.0 524158.0 0.0 0.0
0.777 10.0 524176.0 0.0 0.0
0.779 0.0 524122.0 0.0 0.0
0.782 5.0 524246.0 0.0 0.0
0.784 0.0 524256.0 0.0 0.0
0.787 34.0 524132.0 0.0 0.0
0.789 54.0 524092.0 0.0 0.0
0.792 72.0 524052.0 0.0 0.0
0.794 33.0 524114.0 0.0 0.0
0.797 46.0 524066.0 0.0 0.0
0.799 33.0 524078.0 0.0 0.0
0.802 0.0 524256.0 0.0 0.0
0.805 0.0 524288.0 0.0 0.0
0.807 0.0 524272.0 0.0 0.0
0.810 0.0 524246.0 0.0 0.0
0.812 24.0 524160.0 0.0 0.0
0.815 23.0 524178.0 0.0 0.0
0.817 26.0 524152.0 0.0 0.0
0.820 46.0 524044.0 0.0 0.0
0.822 264.0 523428.0 0.0 0.0
0.825 491.0 522806.0 0.0 0.0
0.827 724.0 522216.0 0.0 0.0
0.830 1201.0 520986.0 0.0 0.0
0.832 1144.0 520924.0 0.0 0.0
0.835 1726.0 519620.0 0.0 0.0
0.837 2163.0 518554.0 0.0 0.0
0.840 1976.0 518876.0 0.0 0.0
0.842 2304.0 517986.0 0.0 0.0
0.845 298.0 522284.0 0.0 0.0
0.847 2027.0 518716.0 0.0 0.0
0.850 1479.0 519668.0 0.0 0.0
0.852 1007.0 520468.0 0.0 0.0
0.855 1873.0 518756.0 0.0 0.0
0.857 1172.0 520204.0 0.0 0.0
0.860 1144.0 520194.0 0.0 0.0
0.862 1858.0 518756.0 0.0 0.0
0.865 1248.0 520054.0 0.0 0.0
0.867 1285.0 520116.0 0.0 0.0
0.870 1350.0 520024.0 0.0 0.0
0.872 1136.0 520478.0 0.0 0.0
0.875 1597.0 519476.0 0.0 0.0
0.877 1439.0 519980.0 0.0 0.0
0.880 1403.0 519920.0 0.0 0.0
0.882 1089.0 520476.0 0.0 0.0
0.885 790.0 521624.0 0.0 0.0
0.887 1039.0 520926.0 0.0 0.0
0.890 1030.0 520832.0 0.0 0.0
0.892 1028.0 520896.0 0.0 0.0
0.895 900.0 520980.0 0.0 0.0
0.897 939.0 520924.0 0.0 0.0
0.900 747.0 521738.0 0.0 0.0
0.902 970.0 521132.0 0.0 0.0
0.905 956.0 521304.0 0.0 0.0
0.907 944.0 521292.0 0.0 0.0
0.910 702.0 521942.0 0.0 0.0
0.912 489.0 522556.0 0.0 0.0
0.915 18.0 523966.0 0.0 0.0
0.917 55.0 523972.0 0.0 0.0
0.920 141.0 523684.0 0.0 0.0
0.922 204.0 523382.0 0.0 0.0
0.925 274.0 523272.0 0.0 0.0
0.927 435.0 522754.0 0.0 0.0
0.930 534.0 522496.0 0.0 0.0
0.932 526.0 522518.0 0.0 0.0
0.935 626.0 522272.0 0.0 0.0
0.937 532.0 522546.0 0.0 0.0
0.940 598.0 522338.0 0.0 0.0
0.942 604.0 522442.0 0.0 0.0
0.945 557.0 522548.0 0.0 0.0
0.947 265.0 523150.0 0.0 0.0
0.950 468.0 522816.0 0.0 0.0
0.952 506.0 522666.0 0.0 0.0
0.955 423.0 522918.0 0.0 0.0
0.957 528.0 522648.0 0.0 0.0
0.960 370.0 523056.0 0.0 0.0
0.962 489.0 522702.0 0.0 0.0
0.965 516.0 522604.0 0.0 0.0
0.967 509.0 522574.0 0.0 0.0
0.970 391.0 522986.0 0.0 0.0
0.972 210.0 523514.0 0.0 0.0
0.975 0.0 523872.0 0.0 0.0
0.977 0.0 524288.0 0.0 0.0
0.980 0.0 524278.0 0.0 0.0
0.982 0.0 524214.0 0.0 0.0
0.985 4.0 524218.0 0.0 0.0
0.987 0.0 524288.0 0.0 0.0
0.990 0.0 524236.0 0.0 0.0
0.992 0.0 524272.0 0.0 0.0
0.995 0.0 524272.0 0.0 0.0
0.997 0.0 524272.0 0.0 0.0
1.000 0.0 524272.0 0.0 0.0
