0.0002617993877991667 -3.14159265359
0.05235987755983334 -3.14159265359
0.0002617993877991667 -2.879793265790833
0.05235987755983334 -2.879793265790833
0.0002617993877991667 -2.6179938779916663
0.05235987755983334 -2.6179938779916663
0.0002617993877991667 -2.3561944901924994
0.05235987755983334 -2.3561944901924994
0.0002617993877991667 -2.0943951023933325
0.05235987755983334 -2.0943951023933325
0.0002617993877991667 -1.8325957145941656
0.05235987755983334 -1.8325957145941656
0.0002617993877991667 -1.5707963267949987
0.05235987755983334 -1.5707963267949987
0.0002617993877991667 -1.3089969389958318
0.05235987755983334 -1.3089969389958318
0.0002617993877991667 -1.047197551196665
0.05235987755983334 -1.047197551196665
0.0002617993877991667 -0.785398163397498
0.05235987755983334 -0.785398163397498
0.0002617993877991667 -0.5235987755983311
0.05235987755983334 -0.5235987755983311
0.0002617993877991667 -0.26179938779916423
0.05235987755983334 -0.26179938779916423
0.0002617993877991667 2.6645352591003757e-15
0.05235987755983334 2.6645352591003757e-15
0.0002617993877991667 0.26179938779916956
0.05235987755983334 0.26179938779916956
0.0002617993877991667 0.5235987755983365
0.05235987755983334 0.5235987755983365
0.0002617993877991667 0.7853981633975033
0.05235987755983334 0.7853981633975033
0.0002617993877991667 1.0471975511966702
0.05235987755983334 1.0471975511966702
0.0002617993877991667 1.3089969389958371
0.05235987755983334 1.3089969389958371
0.0002617993877991667 1.570796326795004
0.05235987755983334 1.570796326795004
0.0002617993877991667 1.832595714594171
0.05235987755983334 1.832595714594171
0.0002617993877991667 2.094395102393338
0.05235987755983334 2.094395102393338
0.0002617993877991667 2.3561944901925047
0.05235987755983334 2.3561944901925047
0.0002617993877991667 2.6179938779916716
0.05235987755983334 2.6179938779916716
0.0002617993877991667 2.8797932657908385
0.05235987755983334 2.8797932657908385
0.1311614932873825 -3.14159265359
0.18325957145941668 -3.14159265359
0.1311614932873825 -2.879793265790833
0.18325957145941668 -2.879793265790833
0.1311614932873825 -2.6179938779916663
0.18325957145941668 -2.6179938779916663
0.1311614932873825 -2.3561944901924994
0.18325957145941668 -2.3561944901924994
0.1311614932873825 -2.0943951023933325
0.18325957145941668 -2.0943951023933325
0.1311614932873825 -1.8325957145941656
0.18325957145941668 -1.8325957145941656
0.1311614932873825 -1.5707963267949987
0.18325957145941668 -1.5707963267949987
0.1311614932873825 -1.3089969389958318
0.18325957145941668 -1.3089969389958318
0.1311614932873825 -1.047197551196665
0.18325957145941668 -1.047197551196665
0.1311614932873825 -0.785398163397498
0.18325957145941668 -0.785398163397498
0.1311614932873825 -0.5235987755983311
0.18325957145941668 -0.5235987755983311
0.1311614932873825 -0.26179938779916423
0.18325957145941668 -0.26179938779916423
0.1311614932873825 2.6645352591003757e-15
0.18325957145941668 2.6645352591003757e-15
0.1311614932873825 0.26179938779916956
0.18325957145941668 0.26179938779916956
0.1311614932873825 0.5235987755983365
0.18325957145941668 0.5235987755983365
0.1311614932873825 0.7853981633975033
0.18325957145941668 0.7853981633975033
0.1311614932873825 1.0471975511966702
0.18325957145941668 1.0471975511966702
0.1311614932873825 1.3089969389958371
0.18325957145941668 1.3089969389958371
0.1311614932873825 1.570796326795004
0.18325957145941668 1.570796326795004
0.1311614932873825 1.832595714594171
0.18325957145941668 1.832595714594171
0.1311614932873825 2.094395102393338
0.18325957145941668 2.094395102393338
0.1311614932873825 2.3561944901925047
0.18325957145941668 2.3561944901925047
0.1311614932873825 2.6179938779916716
0.18325957145941668 2.6179938779916716
0.1311614932873825 2.8797932657908385
0.18325957145941668 2.8797932657908385
0.26206118718696586 -3.14159265359
0.314159265359 -3.14159265359
0.26206118718696586 -2.879793265790833
0.314159265359 -2.879793265790833
0.26206118718696586 -2.6179938779916663
0.314159265359 -2.6179938779916663
0.26206118718696586 -2.3561944901924994
0.314159265359 -2.3561944901924994
0.26206118718696586 -2.0943951023933325
0.314159265359 -2.0943951023933325
0.26206118718696586 -1.8325957145941656
0.314159265359 -1.8325957145941656
0.26206118718696586 -1.5707963267949987
0.314159265359 -1.5707963267949987
0.26206118718696586 -1.3089969389958318
0.314159265359 -1.3089969389958318
0.26206118718696586 -1.047197551196665
0.314159265359 -1.047197551196665
0.26206118718696586 -0.785398163397498
0.314159265359 -0.785398163397498
0.26206118718696586 -0.5235987755983311
0.314159265359 -0.5235987755983311
0.26206118718696586 -0.26179938779916423
0.314159265359 -0.26179938779916423
0.26206118718696586 2.6645352591003757e-15
0.314159265359 2.6645352591003757e-15
0.26206118718696586 0.26179938779916956
0.314159265359 0.26179938779916956
0.26206118718696586 0.5235987755983365
0.314159265359 0.5235987755983365
0.26206118718696586 0.7853981633975033
0.314159265359 0.7853981633975033
0.26206118718696586 1.0471975511966702
0.314159265359 1.0471975511966702
0.26206118718696586 1.3089969389958371
0.314159265359 1.3089969389958371
0.26206118718696586 1.570796326795004
0.314159265359 1.570796326795004
0.26206118718696586 1.832595714594171
0.314159265359 1.832595714594171
0.26206118718696586 2.094395102393338
0.314159265359 2.094395102393338
0.26206118718696586 2.3561944901925047
0.314159265359 2.3561944901925047
0.26206118718696586 2.6179938779916716
0.314159265359 2.6179938779916716
0.26206118718696586 2.8797932657908385
0.314159265359 2.8797932657908385
0.3929608810865492 -3.14159265359
0.44505895925858335 -3.14159265359
0.3929608810865492 -2.879793265790833
0.44505895925858335 -2.879793265790833
0.3929608810865492 -2.6179938779916663
0.44505895925858335 -2.6179938779916663
0.3929608810865492 -2.3561944901924994
0.44505895925858335 -2.3561944901924994
0.3929608810865492 -2.0943951023933325
0.44505895925858335 -2.0943951023933325
0.3929608810865492 -1.8325957145941656
0.44505895925858335 -1.8325957145941656
0.3929608810865492 -1.5707963267949987
0.44505895925858335 -1.5707963267949987
0.3929608810865492 -1.3089969389958318
0.44505895925858335 -1.3089969389958318
0.3929608810865492 -1.047197551196665
0.44505895925858335 -1.047197551196665
0.3929608810865492 -0.785398163397498
0.44505895925858335 -0.785398163397498
0.3929608810865492 -0.5235987755983311
0.44505895925858335 -0.5235987755983311
0.3929608810865492 -0.26179938779916423
0.44505895925858335 -0.26179938779916423
0.3929608810865492 2.6645352591003757e-15
0.44505895925858335 2.6645352591003757e-15
0.3929608810865492 0.26179938779916956
0.44505895925858335 0.26179938779916956
0.3929608810865492 0.5235987755983365
0.44505895925858335 0.5235987755983365
0.3929608810865492 0.7853981633975033
0.44505895925858335 0.7853981633975033
0.3929608810865492 1.0471975511966702
0.44505895925858335 1.0471975511966702
0.3929608810865492 1.3089969389958371
0.44505895925858335 1.3089969389958371
0.3929608810865492 1.570796326795004
0.44505895925858335 1.570796326795004
0.3929608810865492 1.832595714594171
0.44505895925858335 1.832595714594171
0.3929608810865492 2.094395102393338
0.44505895925858335 2.094395102393338
0.3929608810865492 2.3561944901925047
0.44505895925858335 2.3561944901925047
0.3929608810865492 2.6179938779916716
0.44505895925858335 2.6179938779916716
0.3929608810865492 2.8797932657908385
0.44505895925858335 2.8797932657908385
0.5238605749861325 -3.14159265359
0.5759586531581666 -3.14159265359
0.5238605749861325 -2.879793265790833
0.5759586531581666 -2.879793265790833
0.5238605749861325 -2.6179938779916663
0.5759586531581666 -2.6179938779916663
0.5238605749861325 -2.3561944901924994
0.5759586531581666 -2.3561944901924994
0.5238605749861325 -2.0943951023933325
0.5759586531581666 -2.0943951023933325
0.5238605749861325 -1.8325957145941656
0.5759586531581666 -1.8325957145941656
0.5238605749861325 -1.5707963267949987
0.5759586531581666 -1.5707963267949987
0.5238605749861325 -1.3089969389958318
0.5759586531581666 -1.3089969389958318
0.5238605749861325 -1.047197551196665
0.5759586531581666 -1.047197551196665
0.5238605749861325 -0.785398163397498
0.5759586531581666 -0.785398163397498
0.5238605749861325 -0.5235987755983311
0.5759586531581666 -0.5235987755983311
0.5238605749861325 -0.26179938779916423
0.5759586531581666 -0.26179938779916423
0.5238605749861325 2.6645352591003757e-15
0.5759586531581666 2.6645352591003757e-15
0.5238605749861325 0.26179938779916956
0.5759586531581666 0.26179938779916956
0.5238605749861325 0.5235987755983365
0.5759586531581666 0.5235987755983365
0.5238605749861325 0.7853981633975033
0.5759586531581666 0.7853981633975033
0.5238605749861325 1.0471975511966702
0.5759586531581666 1.0471975511966702
0.5238605749861325 1.3089969389958371
0.5759586531581666 1.3089969389958371
0.5238605749861325 1.570796326795004
0.5759586531581666 1.570796326795004
0.5238605749861325 1.832595714594171
0.5759586531581666 1.832595714594171
0.5238605749861325 2.094395102393338
0.5759586531581666 2.094395102393338
0.5238605749861325 2.3561944901925047
0.5759586531581666 2.3561944901925047
0.5238605749861325 2.6179938779916716
0.5759586531581666 2.6179938779916716
0.5238605749861325 2.8797932657908385
0.5759586531581666 2.8797932657908385
0.6547602688857158 -3.14159265359
0.70685834705775 -3.14159265359
0.6547602688857158 -2.879793265790833
0.70685834705775 -2.879793265790833
0.6547602688857158 -2.6179938779916663
0.70685834705775 -2.6179938779916663
0.6547602688857158 -2.3561944901924994
0.70685834705775 -2.3561944901924994
0.6547602688857158 -2.0943951023933325
0.70685834705775 -2.0943951023933325
0.6547602688857158 -1.8325957145941656
0.70685834705775 -1.8325957145941656
0.6547602688857158 -1.5707963267949987
0.70685834705775 -1.5707963267949987
0.6547602688857158 -1.3089969389958318
0.70685834705775 -1.3089969389958318
0.6547602688857158 -1.047197551196665
0.70685834705775 -1.047197551196665
0.6547602688857158 -0.785398163397498
0.70685834705775 -0.785398163397498
0.6547602688857158 -0.5235987755983311
0.70685834705775 -0.5235987755983311
0.6547602688857158 -0.26179938779916423
0.70685834705775 -0.26179938779916423
0.6547602688857158 2.6645352591003757e-15
0.70685834705775 2.6645352591003757e-15
0.6547602688857158 0.26179938779916956
0.70685834705775 0.26179938779916956
0.6547602688857158 0.5235987755983365
0.70685834705775 0.5235987755983365
0.6547602688857158 0.7853981633975033
0.70685834705775 0.7853981633975033
0.6547602688857158 1.0471975511966702
0.70685834705775 1.0471975511966702
0.6547602688857158 1.3089969389958371
0.70685834705775 1.3089969389958371
0.6547602688857158 1.570796326795004
0.70685834705775 1.570796326795004
0.6547602688857158 1.832595714594171
0.70685834705775 1.832595714594171
0.6547602688857158 2.094395102393338
0.70685834705775 2.094395102393338
0.6547602688857158 2.3561944901925047
0.70685834705775 2.3561944901925047
0.6547602688857158 2.6179938779916716
0.70685834705775 2.6179938779916716
0.6547602688857158 2.8797932657908385
0.70685834705775 2.8797932657908385
0.7856599627852991 -3.14159265359
0.8377580409573333 -3.14159265359
0.7856599627852991 -2.879793265790833
0.8377580409573333 -2.879793265790833
0.7856599627852991 -2.6179938779916663
0.8377580409573333 -2.6179938779916663
0.7856599627852991 -2.3561944901924994
0.8377580409573333 -2.3561944901924994
0.7856599627852991 -2.0943951023933325
0.8377580409573333 -2.0943951023933325
0.7856599627852991 -1.8325957145941656
0.8377580409573333 -1.8325957145941656
0.7856599627852991 -1.5707963267949987
0.8377580409573333 -1.5707963267949987
0.7856599627852991 -1.3089969389958318
0.8377580409573333 -1.3089969389958318
0.7856599627852991 -1.047197551196665
0.8377580409573333 -1.047197551196665
0.7856599627852991 -0.785398163397498
0.8377580409573333 -0.785398163397498
0.7856599627852991 -0.5235987755983311
0.8377580409573333 -0.5235987755983311
0.7856599627852991 -0.26179938779916423
0.8377580409573333 -0.26179938779916423
0.7856599627852991 2.6645352591003757e-15
0.8377580409573333 2.6645352591003757e-15
0.7856599627852991 0.26179938779916956
0.8377580409573333 0.26179938779916956
0.7856599627852991 0.5235987755983365
0.8377580409573333 0.5235987755983365
0.7856599627852991 0.7853981633975033
0.8377580409573333 0.7853981633975033
0.7856599627852991 1.0471975511966702
0.8377580409573333 1.0471975511966702
0.7856599627852991 1.3089969389958371
0.8377580409573333 1.3089969389958371
0.7856599627852991 1.570796326795004
0.8377580409573333 1.570796326795004
0.7856599627852991 1.832595714594171
0.8377580409573333 1.832595714594171
0.7856599627852991 2.094395102393338
0.8377580409573333 2.094395102393338
0.7856599627852991 2.3561944901925047
0.8377580409573333 2.3561944901925047
0.7856599627852991 2.6179938779916716
0.8377580409573333 2.6179938779916716
0.7856599627852991 2.8797932657908385
0.8377580409573333 2.8797932657908385
0.9165596566848825 -3.14159265359
0.9686577348569166 -3.14159265359
0.9165596566848825 -2.879793265790833
0.9686577348569166 -2.879793265790833
0.9165596566848825 -2.6179938779916663
0.9686577348569166 -2.6179938779916663
0.9165596566848825 -2.3561944901924994
0.9686577348569166 -2.3561944901924994
0.9165596566848825 -2.0943951023933325
0.9686577348569166 -2.0943951023933325
0.9165596566848825 -1.8325957145941656
0.9686577348569166 -1.8325957145941656
0.9165596566848825 -1.5707963267949987
0.9686577348569166 -1.5707963267949987
0.9165596566848825 -1.3089969389958318
0.9686577348569166 -1.3089969389958318
0.9165596566848825 -1.047197551196665
0.9686577348569166 -1.047197551196665
0.9165596566848825 -0.785398163397498
0.9686577348569166 -0.785398163397498
0.9165596566848825 -0.5235987755983311
0.9686577348569166 -0.5235987755983311
0.9165596566848825 -0.26179938779916423
0.9686577348569166 -0.26179938779916423
0.9165596566848825 2.6645352591003757e-15
0.9686577348569166 2.6645352591003757e-15
0.9165596566848825 0.26179938779916956
0.9686577348569166 0.26179938779916956
0.9165596566848825 0.5235987755983365
0.9686577348569166 0.5235987755983365
0.9165596566848825 0.7853981633975033
0.9686577348569166 0.7853981633975033
0.9165596566848825 1.0471975511966702
0.9686577348569166 1.0471975511966702
0.9165596566848825 1.3089969389958371
0.9686577348569166 1.3089969389958371
0.9165596566848825 1.570796326795004
0.9686577348569166 1.570796326795004
0.9165596566848825 1.832595714594171
0.9686577348569166 1.832595714594171
0.9165596566848825 2.094395102393338
0.9686577348569166 2.094395102393338
0.9165596566848825 2.3561944901925047
0.9686577348569166 2.3561944901925047
0.9165596566848825 2.6179938779916716
0.9686577348569166 2.6179938779916716
0.9165596566848825 2.8797932657908385
0.9686577348569166 2.8797932657908385
1.0474593505844658 -3.14159265359
1.0995574287565 -3.14159265359
1.0474593505844658 -2.879793265790833
1.0995574287565 -2.879793265790833
1.0474593505844658 -2.6179938779916663
1.0995574287565 -2.6179938779916663
1.0474593505844658 -2.3561944901924994
1.0995574287565 -2.3561944901924994
1.0474593505844658 -2.0943951023933325
1.0995574287565 -2.0943951023933325
1.0474593505844658 -1.8325957145941656
1.0995574287565 -1.8325957145941656
1.0474593505844658 -1.5707963267949987
1.0995574287565 -1.5707963267949987
1.0474593505844658 -1.3089969389958318
1.0995574287565 -1.3089969389958318
1.0474593505844658 -1.047197551196665
1.0995574287565 -1.047197551196665
1.0474593505844658 -0.785398163397498
1.0995574287565 -0.785398163397498
1.0474593505844658 -0.5235987755983311
1.0995574287565 -0.5235987755983311
1.0474593505844658 -0.26179938779916423
1.0995574287565 -0.26179938779916423
1.0474593505844658 2.6645352591003757e-15
1.0995574287565 2.6645352591003757e-15
1.0474593505844658 0.26179938779916956
1.0995574287565 0.26179938779916956
1.0474593505844658 0.5235987755983365
1.0995574287565 0.5235987755983365
1.0474593505844658 0.7853981633975033
1.0995574287565 0.7853981633975033
1.0474593505844658 1.0471975511966702
1.0995574287565 1.0471975511966702
1.0474593505844658 1.3089969389958371
1.0995574287565 1.3089969389958371
1.0474593505844658 1.570796326795004
1.0995574287565 1.570796326795004
1.0474593505844658 1.832595714594171
1.0995574287565 1.832595714594171
1.0474593505844658 2.094395102393338
1.0995574287565 2.094395102393338
1.0474593505844658 2.3561944901925047
1.0995574287565 2.3561944901925047
1.0474593505844658 2.6179938779916716
1.0995574287565 2.6179938779916716
1.0474593505844658 2.8797932657908385
1.0995574287565 2.8797932657908385
1.1783590444840493 -3.14159265359
1.2304571226560834 -3.14159265359
1.1783590444840493 -2.879793265790833
1.2304571226560834 -2.879793265790833
1.1783590444840493 -2.6179938779916663
1.2304571226560834 -2.6179938779916663
1.1783590444840493 -2.3561944901924994
1.2304571226560834 -2.3561944901924994
1.1783590444840493 -2.0943951023933325
1.2304571226560834 -2.0943951023933325
1.1783590444840493 -1.8325957145941656
1.2304571226560834 -1.8325957145941656
1.1783590444840493 -1.5707963267949987
1.2304571226560834 -1.5707963267949987
1.1783590444840493 -1.3089969389958318
1.2304571226560834 -1.3089969389958318
1.1783590444840493 -1.047197551196665
1.2304571226560834 -1.047197551196665
1.1783590444840493 -0.785398163397498
1.2304571226560834 -0.785398163397498
1.1783590444840493 -0.5235987755983311
1.2304571226560834 -0.5235987755983311
1.1783590444840493 -0.26179938779916423
1.2304571226560834 -0.26179938779916423
1.1783590444840493 2.6645352591003757e-15
1.2304571226560834 2.6645352591003757e-15
1.1783590444840493 0.26179938779916956
1.2304571226560834 0.26179938779916956
1.1783590444840493 0.5235987755983365
1.2304571226560834 0.5235987755983365
1.1783590444840493 0.7853981633975033
1.2304571226560834 0.7853981633975033
1.1783590444840493 1.0471975511966702
1.2304571226560834 1.0471975511966702
1.1783590444840493 1.3089969389958371
1.2304571226560834 1.3089969389958371
1.1783590444840493 1.570796326795004
1.2304571226560834 1.570796326795004
1.1783590444840493 1.832595714594171
1.2304571226560834 1.832595714594171
1.1783590444840493 2.094395102393338
1.2304571226560834 2.094395102393338
1.1783590444840493 2.3561944901925047
1.2304571226560834 2.3561944901925047
1.1783590444840493 2.6179938779916716
1.2304571226560834 2.6179938779916716
1.1783590444840493 2.8797932657908385
1.2304571226560834 2.8797932657908385
1.3092587383836325 -3.14159265359
1.3613568165556666 -3.14159265359
1.3092587383836325 -2.879793265790833
1.3613568165556666 -2.879793265790833
1.3092587383836325 -2.6179938779916663
1.3613568165556666 -2.6179938779916663
1.3092587383836325 -2.3561944901924994
1.3613568165556666 -2.3561944901924994
1.3092587383836325 -2.0943951023933325
1.3613568165556666 -2.0943951023933325
1.3092587383836325 -1.8325957145941656
1.3613568165556666 -1.8325957145941656
1.3092587383836325 -1.5707963267949987
1.3613568165556666 -1.5707963267949987
1.3092587383836325 -1.3089969389958318
1.3613568165556666 -1.3089969389958318
1.3092587383836325 -1.047197551196665
1.3613568165556666 -1.047197551196665
1.3092587383836325 -0.785398163397498
1.3613568165556666 -0.785398163397498
1.3092587383836325 -0.5235987755983311
1.3613568165556666 -0.5235987755983311
1.3092587383836325 -0.26179938779916423
1.3613568165556666 -0.26179938779916423
1.3092587383836325 2.6645352591003757e-15
1.3613568165556666 2.6645352591003757e-15
1.3092587383836325 0.26179938779916956
1.3613568165556666 0.26179938779916956
1.3092587383836325 0.5235987755983365
1.3613568165556666 0.5235987755983365
1.3092587383836325 0.7853981633975033
1.3613568165556666 0.7853981633975033
1.3092587383836325 1.0471975511966702
1.3613568165556666 1.0471975511966702
1.3092587383836325 1.3089969389958371
1.3613568165556666 1.3089969389958371
1.3092587383836325 1.570796326795004
1.3613568165556666 1.570796326795004
1.3092587383836325 1.832595714594171
1.3613568165556666 1.832595714594171
1.3092587383836325 2.094395102393338
1.3613568165556666 2.094395102393338
1.3092587383836325 2.3561944901925047
1.3613568165556666 2.3561944901925047
1.3092587383836325 2.6179938779916716
1.3613568165556666 2.6179938779916716
1.3092587383836325 2.8797932657908385
1.3613568165556666 2.8797932657908385
1.4401584322832157 -3.14159265359
1.4922565104552499 -3.14159265359
1.4401584322832157 -2.879793265790833
1.4922565104552499 -2.879793265790833
1.4401584322832157 -2.6179938779916663
1.4922565104552499 -2.6179938779916663
1.4401584322832157 -2.3561944901924994
1.4922565104552499 -2.3561944901924994
1.4401584322832157 -2.0943951023933325
1.4922565104552499 -2.0943951023933325
1.4401584322832157 -1.8325957145941656
1.4922565104552499 -1.8325957145941656
1.4401584322832157 -1.5707963267949987
1.4922565104552499 -1.5707963267949987
1.4401584322832157 -1.3089969389958318
1.4922565104552499 -1.3089969389958318
1.4401584322832157 -1.047197551196665
1.4922565104552499 -1.047197551196665
1.4401584322832157 -0.785398163397498
1.4922565104552499 -0.785398163397498
1.4401584322832157 -0.5235987755983311
1.4922565104552499 -0.5235987755983311
1.4401584322832157 -0.26179938779916423
1.4922565104552499 -0.26179938779916423
1.4401584322832157 2.6645352591003757e-15
1.4922565104552499 2.6645352591003757e-15
1.4401584322832157 0.26179938779916956
1.4922565104552499 0.26179938779916956
1.4401584322832157 0.5235987755983365
1.4922565104552499 0.5235987755983365
1.4401584322832157 0.7853981633975033
1.4922565104552499 0.7853981633975033
1.4401584322832157 1.0471975511966702
1.4922565104552499 1.0471975511966702
1.4401584322832157 1.3089969389958371
1.4922565104552499 1.3089969389958371
1.4401584322832157 1.570796326795004
1.4922565104552499 1.570796326795004
1.4401584322832157 1.832595714594171
1.4922565104552499 1.832595714594171
1.4401584322832157 2.094395102393338
1.4922565104552499 2.094395102393338
1.4401584322832157 2.3561944901925047
1.4922565104552499 2.3561944901925047
1.4401584322832157 2.6179938779916716
1.4922565104552499 2.6179938779916716
1.4401584322832157 2.8797932657908385
1.4922565104552499 2.8797932657908385
1.5710581261827992 -3.14159265359
1.6231562043548333 -3.14159265359
1.5710581261827992 -2.879793265790833
1.6231562043548333 -2.879793265790833
1.5710581261827992 -2.6179938779916663
1.6231562043548333 -2.6179938779916663
1.5710581261827992 -2.3561944901924994
1.6231562043548333 -2.3561944901924994
1.5710581261827992 -2.0943951023933325
1.6231562043548333 -2.0943951023933325
1.5710581261827992 -1.8325957145941656
1.6231562043548333 -1.8325957145941656
1.5710581261827992 -1.5707963267949987
1.6231562043548333 -1.5707963267949987
1.5710581261827992 -1.3089969389958318
1.6231562043548333 -1.3089969389958318
1.5710581261827992 -1.047197551196665
1.6231562043548333 -1.047197551196665
1.5710581261827992 -0.785398163397498
1.6231562043548333 -0.785398163397498
1.5710581261827992 -0.5235987755983311
1.6231562043548333 -0.5235987755983311
1.5710581261827992 -0.26179938779916423
1.6231562043548333 -0.26179938779916423
1.5710581261827992 2.6645352591003757e-15
1.6231562043548333 2.6645352591003757e-15
1.5710581261827992 0.26179938779916956
1.6231562043548333 0.26179938779916956
1.5710581261827992 0.5235987755983365
1.6231562043548333 0.5235987755983365
1.5710581261827992 0.7853981633975033
1.6231562043548333 0.7853981633975033
1.5710581261827992 1.0471975511966702
1.6231562043548333 1.0471975511966702
1.5710581261827992 1.3089969389958371
1.6231562043548333 1.3089969389958371
1.5710581261827992 1.570796326795004
1.6231562043548333 1.570796326795004
1.5710581261827992 1.832595714594171
1.6231562043548333 1.832595714594171
1.5710581261827992 2.094395102393338
1.6231562043548333 2.094395102393338
1.5710581261827992 2.3561944901925047
1.6231562043548333 2.3561944901925047
1.5710581261827992 2.6179938779916716
1.6231562043548333 2.6179938779916716
1.5710581261827992 2.8797932657908385
1.6231562043548333 2.8797932657908385
1.7019578200823826 -3.14159265359
1.7540558982544168 -3.14159265359
1.7019578200823826 -2.879793265790833
1.7540558982544168 -2.879793265790833
1.7019578200823826 -2.6179938779916663
1.7540558982544168 -2.6179938779916663
1.7019578200823826 -2.3561944901924994
1.7540558982544168 -2.3561944901924994
1.7019578200823826 -2.0943951023933325
1.7540558982544168 -2.0943951023933325
1.7019578200823826 -1.8325957145941656
1.7540558982544168 -1.8325957145941656
1.7019578200823826 -1.5707963267949987
1.7540558982544168 -1.5707963267949987
1.7019578200823826 -1.3089969389958318
1.7540558982544168 -1.3089969389958318
1.7019578200823826 -1.047197551196665
1.7540558982544168 -1.047197551196665
1.7019578200823826 -0.785398163397498
1.7540558982544168 -0.785398163397498
1.7019578200823826 -0.5235987755983311
1.7540558982544168 -0.5235987755983311
1.7019578200823826 -0.26179938779916423
1.7540558982544168 -0.26179938779916423
1.7019578200823826 2.6645352591003757e-15
1.7540558982544168 2.6645352591003757e-15
1.7019578200823826 0.26179938779916956
1.7540558982544168 0.26179938779916956
1.7019578200823826 0.5235987755983365
1.7540558982544168 0.5235987755983365
1.7019578200823826 0.7853981633975033
1.7540558982544168 0.7853981633975033
1.7019578200823826 1.0471975511966702
1.7540558982544168 1.0471975511966702
1.7019578200823826 1.3089969389958371
1.7540558982544168 1.3089969389958371
1.7019578200823826 1.570796326795004
1.7540558982544168 1.570796326795004
1.7019578200823826 1.832595714594171
1.7540558982544168 1.832595714594171
1.7019578200823826 2.094395102393338
1.7540558982544168 2.094395102393338
1.7019578200823826 2.3561944901925047
1.7540558982544168 2.3561944901925047
1.7019578200823826 2.6179938779916716
1.7540558982544168 2.6179938779916716
1.7019578200823826 2.8797932657908385
1.7540558982544168 2.8797932657908385
1.8328575139819658 -3.14159265359
1.884955592154 -3.14159265359
1.8328575139819658 -2.879793265790833
1.884955592154 -2.879793265790833
1.8328575139819658 -2.6179938779916663
1.884955592154 -2.6179938779916663
1.8328575139819658 -2.3561944901924994
1.884955592154 -2.3561944901924994
1.8328575139819658 -2.0943951023933325
1.884955592154 -2.0943951023933325
1.8328575139819658 -1.8325957145941656
1.884955592154 -1.8325957145941656
1.8328575139819658 -1.5707963267949987
1.884955592154 -1.5707963267949987
1.8328575139819658 -1.3089969389958318
1.884955592154 -1.3089969389958318
1.8328575139819658 -1.047197551196665
1.884955592154 -1.047197551196665
1.8328575139819658 -0.785398163397498
1.884955592154 -0.785398163397498
1.8328575139819658 -0.5235987755983311
1.884955592154 -0.5235987755983311
1.8328575139819658 -0.26179938779916423
1.884955592154 -0.26179938779916423
1.8328575139819658 2.6645352591003757e-15
1.884955592154 2.6645352591003757e-15
1.8328575139819658 0.26179938779916956
1.884955592154 0.26179938779916956
1.8328575139819658 0.5235987755983365
1.884955592154 0.5235987755983365
1.8328575139819658 0.7853981633975033
1.884955592154 0.7853981633975033
1.8328575139819658 1.0471975511966702
1.884955592154 1.0471975511966702
1.8328575139819658 1.3089969389958371
1.884955592154 1.3089969389958371
1.8328575139819658 1.570796326795004
1.884955592154 1.570796326795004
1.8328575139819658 1.832595714594171
1.884955592154 1.832595714594171
1.8328575139819658 2.094395102393338
1.884955592154 2.094395102393338
1.8328575139819658 2.3561944901925047
1.884955592154 2.3561944901925047
1.8328575139819658 2.6179938779916716
1.884955592154 2.6179938779916716
1.8328575139819658 2.8797932657908385
1.884955592154 2.8797932657908385
1.963757207881549 -3.14159265359
2.015855286053583 -3.14159265359
1.963757207881549 -2.879793265790833
2.015855286053583 -2.879793265790833
1.963757207881549 -2.6179938779916663
2.015855286053583 -2.6179938779916663
1.963757207881549 -2.3561944901924994
2.015855286053583 -2.3561944901924994
1.963757207881549 -2.0943951023933325
2.015855286053583 -2.0943951023933325
1.963757207881549 -1.8325957145941656
2.015855286053583 -1.8325957145941656
1.963757207881549 -1.5707963267949987
2.015855286053583 -1.5707963267949987
1.963757207881549 -1.3089969389958318
2.015855286053583 -1.3089969389958318
1.963757207881549 -1.047197551196665
2.015855286053583 -1.047197551196665
1.963757207881549 -0.785398163397498
2.015855286053583 -0.785398163397498
1.963757207881549 -0.5235987755983311
2.015855286053583 -0.5235987755983311
1.963757207881549 -0.26179938779916423
2.015855286053583 -0.26179938779916423
1.963757207881549 2.6645352591003757e-15
2.015855286053583 2.6645352591003757e-15
1.963757207881549 0.26179938779916956
2.015855286053583 0.26179938779916956
1.963757207881549 0.5235987755983365
2.015855286053583 0.5235987755983365
1.963757207881549 0.7853981633975033
2.015855286053583 0.7853981633975033
1.963757207881549 1.0471975511966702
2.015855286053583 1.0471975511966702
1.963757207881549 1.3089969389958371
2.015855286053583 1.3089969389958371
1.963757207881549 1.570796326795004
2.015855286053583 1.570796326795004
1.963757207881549 1.832595714594171
2.015855286053583 1.832595714594171
1.963757207881549 2.094395102393338
2.015855286053583 2.094395102393338
1.963757207881549 2.3561944901925047
2.015855286053583 2.3561944901925047
1.963757207881549 2.6179938779916716
2.015855286053583 2.6179938779916716
1.963757207881549 2.8797932657908385
2.015855286053583 2.8797932657908385
2.0946569017811325 -3.14159265359
2.1467549799531667 -3.14159265359
2.0946569017811325 -2.879793265790833
2.1467549799531667 -2.879793265790833
2.0946569017811325 -2.6179938779916663
2.1467549799531667 -2.6179938779916663
2.0946569017811325 -2.3561944901924994
2.1467549799531667 -2.3561944901924994
2.0946569017811325 -2.0943951023933325
2.1467549799531667 -2.0943951023933325
2.0946569017811325 -1.8325957145941656
2.1467549799531667 -1.8325957145941656
2.0946569017811325 -1.5707963267949987
2.1467549799531667 -1.5707963267949987
2.0946569017811325 -1.3089969389958318
2.1467549799531667 -1.3089969389958318
2.0946569017811325 -1.047197551196665
2.1467549799531667 -1.047197551196665
2.0946569017811325 -0.785398163397498
2.1467549799531667 -0.785398163397498
2.0946569017811325 -0.5235987755983311
2.1467549799531667 -0.5235987755983311
2.0946569017811325 -0.26179938779916423
2.1467549799531667 -0.26179938779916423
2.0946569017811325 2.6645352591003757e-15
2.1467549799531667 2.6645352591003757e-15
2.0946569017811325 0.26179938779916956
2.1467549799531667 0.26179938779916956
2.0946569017811325 0.5235987755983365
2.1467549799531667 0.5235987755983365
2.0946569017811325 0.7853981633975033
2.1467549799531667 0.7853981633975033
2.0946569017811325 1.0471975511966702
2.1467549799531667 1.0471975511966702
2.0946569017811325 1.3089969389958371
2.1467549799531667 1.3089969389958371
2.0946569017811325 1.570796326795004
2.1467549799531667 1.570796326795004
2.0946569017811325 1.832595714594171
2.1467549799531667 1.832595714594171
2.0946569017811325 2.094395102393338
2.1467549799531667 2.094395102393338
2.0946569017811325 2.3561944901925047
2.1467549799531667 2.3561944901925047
2.0946569017811325 2.6179938779916716
2.1467549799531667 2.6179938779916716
2.0946569017811325 2.8797932657908385
2.1467549799531667 2.8797932657908385
2.225556595680716 -3.14159265359
2.27765467385275 -3.14159265359
2.225556595680716 -2.879793265790833
2.27765467385275 -2.879793265790833
2.225556595680716 -2.6179938779916663
2.27765467385275 -2.6179938779916663
2.225556595680716 -2.3561944901924994
2.27765467385275 -2.3561944901924994
2.225556595680716 -2.0943951023933325
2.27765467385275 -2.0943951023933325
2.225556595680716 -1.8325957145941656
2.27765467385275 -1.8325957145941656
2.225556595680716 -1.5707963267949987
2.27765467385275 -1.5707963267949987
2.225556595680716 -1.3089969389958318
2.27765467385275 -1.3089969389958318
2.225556595680716 -1.047197551196665
2.27765467385275 -1.047197551196665
2.225556595680716 -0.785398163397498
2.27765467385275 -0.785398163397498
2.225556595680716 -0.5235987755983311
2.27765467385275 -0.5235987755983311
2.225556595680716 -0.26179938779916423
2.27765467385275 -0.26179938779916423
2.225556595680716 2.6645352591003757e-15
2.27765467385275 2.6645352591003757e-15
2.225556595680716 0.26179938779916956
2.27765467385275 0.26179938779916956
2.225556595680716 0.5235987755983365
2.27765467385275 0.5235987755983365
2.225556595680716 0.7853981633975033
2.27765467385275 0.7853981633975033
2.225556595680716 1.0471975511966702
2.27765467385275 1.0471975511966702
2.225556595680716 1.3089969389958371
2.27765467385275 1.3089969389958371
2.225556595680716 1.570796326795004
2.27765467385275 1.570796326795004
2.225556595680716 1.832595714594171
2.27765467385275 1.832595714594171
2.225556595680716 2.094395102393338
2.27765467385275 2.094395102393338
2.225556595680716 2.3561944901925047
2.27765467385275 2.3561944901925047
2.225556595680716 2.6179938779916716
2.27765467385275 2.6179938779916716
2.225556595680716 2.8797932657908385
2.27765467385275 2.8797932657908385
2.3564562895802994 -3.14159265359
2.4085543677523336 -3.14159265359
2.3564562895802994 -2.879793265790833
2.4085543677523336 -2.879793265790833
2.3564562895802994 -2.6179938779916663
2.4085543677523336 -2.6179938779916663
2.3564562895802994 -2.3561944901924994
2.4085543677523336 -2.3561944901924994
2.3564562895802994 -2.0943951023933325
2.4085543677523336 -2.0943951023933325
2.3564562895802994 -1.8325957145941656
2.4085543677523336 -1.8325957145941656
2.3564562895802994 -1.5707963267949987
2.4085543677523336 -1.5707963267949987
2.3564562895802994 -1.3089969389958318
2.4085543677523336 -1.3089969389958318
2.3564562895802994 -1.047197551196665
2.4085543677523336 -1.047197551196665
2.3564562895802994 -0.785398163397498
2.4085543677523336 -0.785398163397498
2.3564562895802994 -0.5235987755983311
2.4085543677523336 -0.5235987755983311
2.3564562895802994 -0.26179938779916423
2.4085543677523336 -0.26179938779916423
2.3564562895802994 2.6645352591003757e-15
2.4085543677523336 2.6645352591003757e-15
2.3564562895802994 0.26179938779916956
2.4085543677523336 0.26179938779916956
2.3564562895802994 0.5235987755983365
2.4085543677523336 0.5235987755983365
2.3564562895802994 0.7853981633975033
2.4085543677523336 0.7853981633975033
2.3564562895802994 1.0471975511966702
2.4085543677523336 1.0471975511966702
2.3564562895802994 1.3089969389958371
2.4085543677523336 1.3089969389958371
2.3564562895802994 1.570796326795004
2.4085543677523336 1.570796326795004
2.3564562895802994 1.832595714594171
2.4085543677523336 1.832595714594171
2.3564562895802994 2.094395102393338
2.4085543677523336 2.094395102393338
2.3564562895802994 2.3561944901925047
2.4085543677523336 2.3561944901925047
2.3564562895802994 2.6179938779916716
2.4085543677523336 2.6179938779916716
2.3564562895802994 2.8797932657908385
2.4085543677523336 2.8797932657908385
2.4873559834798824 -3.14159265359
2.5394540616519166 -3.14159265359
2.4873559834798824 -2.879793265790833
2.5394540616519166 -2.879793265790833
2.4873559834798824 -2.6179938779916663
2.5394540616519166 -2.6179938779916663
2.4873559834798824 -2.3561944901924994
2.5394540616519166 -2.3561944901924994
2.4873559834798824 -2.0943951023933325
2.5394540616519166 -2.0943951023933325
2.4873559834798824 -1.8325957145941656
2.5394540616519166 -1.8325957145941656
2.4873559834798824 -1.5707963267949987
2.5394540616519166 -1.5707963267949987
2.4873559834798824 -1.3089969389958318
2.5394540616519166 -1.3089969389958318
2.4873559834798824 -1.047197551196665
2.5394540616519166 -1.047197551196665
2.4873559834798824 -0.785398163397498
2.5394540616519166 -0.785398163397498
2.4873559834798824 -0.5235987755983311
2.5394540616519166 -0.5235987755983311
2.4873559834798824 -0.26179938779916423
2.5394540616519166 -0.26179938779916423
2.4873559834798824 2.6645352591003757e-15
2.5394540616519166 2.6645352591003757e-15
2.4873559834798824 0.26179938779916956
2.5394540616519166 0.26179938779916956
2.4873559834798824 0.5235987755983365
2.5394540616519166 0.5235987755983365
2.4873559834798824 0.7853981633975033
2.5394540616519166 0.7853981633975033
2.4873559834798824 1.0471975511966702
2.5394540616519166 1.0471975511966702
2.4873559834798824 1.3089969389958371
2.5394540616519166 1.3089969389958371
2.4873559834798824 1.570796326795004
2.5394540616519166 1.570796326795004
2.4873559834798824 1.832595714594171
2.5394540616519166 1.832595714594171
2.4873559834798824 2.094395102393338
2.5394540616519166 2.094395102393338
2.4873559834798824 2.3561944901925047
2.5394540616519166 2.3561944901925047
2.4873559834798824 2.6179938779916716
2.5394540616519166 2.6179938779916716
2.4873559834798824 2.8797932657908385
2.5394540616519166 2.8797932657908385
2.618255677379466 -3.14159265359
2.6703537555515 -3.14159265359
2.618255677379466 -2.879793265790833
2.6703537555515 -2.879793265790833
2.618255677379466 -2.6179938779916663
2.6703537555515 -2.6179938779916663
2.618255677379466 -2.3561944901924994
2.6703537555515 -2.3561944901924994
2.618255677379466 -2.0943951023933325
2.6703537555515 -2.0943951023933325
2.618255677379466 -1.8325957145941656
2.6703537555515 -1.8325957145941656
2.618255677379466 -1.5707963267949987
2.6703537555515 -1.5707963267949987
2.618255677379466 -1.3089969389958318
2.6703537555515 -1.3089969389958318
2.618255677379466 -1.047197551196665
2.6703537555515 -1.047197551196665
2.618255677379466 -0.785398163397498
2.6703537555515 -0.785398163397498
2.618255677379466 -0.5235987755983311
2.6703537555515 -0.5235987755983311
2.618255677379466 -0.26179938779916423
2.6703537555515 -0.26179938779916423
2.618255677379466 2.6645352591003757e-15
2.6703537555515 2.6645352591003757e-15
2.618255677379466 0.26179938779916956
2.6703537555515 0.26179938779916956
2.618255677379466 0.5235987755983365
2.6703537555515 0.5235987755983365
2.618255677379466 0.7853981633975033
2.6703537555515 0.7853981633975033
2.618255677379466 1.0471975511966702
2.6703537555515 1.0471975511966702
2.618255677379466 1.3089969389958371
2.6703537555515 1.3089969389958371
2.618255677379466 1.570796326795004
2.6703537555515 1.570796326795004
2.618255677379466 1.832595714594171
2.6703537555515 1.832595714594171
2.618255677379466 2.094395102393338
2.6703537555515 2.094395102393338
2.618255677379466 2.3561944901925047
2.6703537555515 2.3561944901925047
2.618255677379466 2.6179938779916716
2.6703537555515 2.6179938779916716
2.618255677379466 2.8797932657908385
2.6703537555515 2.8797932657908385
2.7491553712790493 -3.14159265359
2.8012534494510835 -3.14159265359
2.7491553712790493 -2.879793265790833
2.8012534494510835 -2.879793265790833
2.7491553712790493 -2.6179938779916663
2.8012534494510835 -2.6179938779916663
2.7491553712790493 -2.3561944901924994
2.8012534494510835 -2.3561944901924994
2.7491553712790493 -2.0943951023933325
2.8012534494510835 -2.0943951023933325
2.7491553712790493 -1.8325957145941656
2.8012534494510835 -1.8325957145941656
2.7491553712790493 -1.5707963267949987
2.8012534494510835 -1.5707963267949987
2.7491553712790493 -1.3089969389958318
2.8012534494510835 -1.3089969389958318
2.7491553712790493 -1.047197551196665
2.8012534494510835 -1.047197551196665
2.7491553712790493 -0.785398163397498
2.8012534494510835 -0.785398163397498
2.7491553712790493 -0.5235987755983311
2.8012534494510835 -0.5235987755983311
2.7491553712790493 -0.26179938779916423
2.8012534494510835 -0.26179938779916423
2.7491553712790493 2.6645352591003757e-15
2.8012534494510835 2.6645352591003757e-15
2.7491553712790493 0.26179938779916956
2.8012534494510835 0.26179938779916956
2.7491553712790493 0.5235987755983365
2.8012534494510835 0.5235987755983365
2.7491553712790493 0.7853981633975033
2.8012534494510835 0.7853981633975033
2.7491553712790493 1.0471975511966702
2.8012534494510835 1.0471975511966702
2.7491553712790493 1.3089969389958371
2.8012534494510835 1.3089969389958371
2.7491553712790493 1.570796326795004
2.8012534494510835 1.570796326795004
2.7491553712790493 1.832595714594171
2.8012534494510835 1.832595714594171
2.7491553712790493 2.094395102393338
2.8012534494510835 2.094395102393338
2.7491553712790493 2.3561944901925047
2.8012534494510835 2.3561944901925047
2.7491553712790493 2.6179938779916716
2.8012534494510835 2.6179938779916716
2.7491553712790493 2.8797932657908385
2.8012534494510835 2.8797932657908385
2.8800550651786323 -3.14159265359
2.9321531433506665 -3.14159265359
2.8800550651786323 -2.879793265790833
2.9321531433506665 -2.879793265790833
2.8800550651786323 -2.6179938779916663
2.9321531433506665 -2.6179938779916663
2.8800550651786323 -2.3561944901924994
2.9321531433506665 -2.3561944901924994
2.8800550651786323 -2.0943951023933325
2.9321531433506665 -2.0943951023933325
2.8800550651786323 -1.8325957145941656
2.9321531433506665 -1.8325957145941656
2.8800550651786323 -1.5707963267949987
2.9321531433506665 -1.5707963267949987
2.8800550651786323 -1.3089969389958318
2.9321531433506665 -1.3089969389958318
2.8800550651786323 -1.047197551196665
2.9321531433506665 -1.047197551196665
2.8800550651786323 -0.785398163397498
2.9321531433506665 -0.785398163397498
2.8800550651786323 -0.5235987755983311
2.9321531433506665 -0.5235987755983311
2.8800550651786323 -0.26179938779916423
2.9321531433506665 -0.26179938779916423
2.8800550651786323 2.6645352591003757e-15
2.9321531433506665 2.6645352591003757e-15
2.8800550651786323 0.26179938779916956
2.9321531433506665 0.26179938779916956
2.8800550651786323 0.5235987755983365
2.9321531433506665 0.5235987755983365
2.8800550651786323 0.7853981633975033
2.9321531433506665 0.7853981633975033
2.8800550651786323 1.0471975511966702
2.9321531433506665 1.0471975511966702
2.8800550651786323 1.3089969389958371
2.9321531433506665 1.3089969389958371
2.8800550651786323 1.570796326795004
2.9321531433506665 1.570796326795004
2.8800550651786323 1.832595714594171
2.9321531433506665 1.832595714594171
2.8800550651786323 2.094395102393338
2.9321531433506665 2.094395102393338
2.8800550651786323 2.3561944901925047
2.9321531433506665 2.3561944901925047
2.8800550651786323 2.6179938779916716
2.9321531433506665 2.6179938779916716
2.8800550651786323 2.8797932657908385
2.9321531433506665 2.8797932657908385
3.0109547590782157 -3.14159265359
3.06305283725025 -3.14159265359
3.0109547590782157 -2.879793265790833
3.06305283725025 -2.879793265790833
3.0109547590782157 -2.6179938779916663
3.06305283725025 -2.6179938779916663
3.0109547590782157 -2.3561944901924994
3.06305283725025 -2.3561944901924994
3.0109547590782157 -2.0943951023933325
3.06305283725025 -2.0943951023933325
3.0109547590782157 -1.8325957145941656
3.06305283725025 -1.8325957145941656
3.0109547590782157 -1.5707963267949987
3.06305283725025 -1.5707963267949987
3.0109547590782157 -1.3089969389958318
3.06305283725025 -1.3089969389958318
3.0109547590782157 -1.047197551196665
3.06305283725025 -1.047197551196665
3.0109547590782157 -0.785398163397498
3.06305283725025 -0.785398163397498
3.0109547590782157 -0.5235987755983311
3.06305283725025 -0.5235987755983311
3.0109547590782157 -0.26179938779916423
3.06305283725025 -0.26179938779916423
3.0109547590782157 2.6645352591003757e-15
3.06305283725025 2.6645352591003757e-15
3.0109547590782157 0.26179938779916956
3.06305283725025 0.26179938779916956
3.0109547590782157 0.5235987755983365
3.06305283725025 0.5235987755983365
3.0109547590782157 0.7853981633975033
3.06305283725025 0.7853981633975033
3.0109547590782157 1.0471975511966702
3.06305283725025 1.0471975511966702
3.0109547590782157 1.3089969389958371
3.06305283725025 1.3089969389958371
3.0109547590782157 1.570796326795004
3.06305283725025 1.570796326795004
3.0109547590782157 1.832595714594171
3.06305283725025 1.832595714594171
3.0109547590782157 2.094395102393338
3.06305283725025 2.094395102393338
3.0109547590782157 2.3561944901925047
3.06305283725025 2.3561944901925047
3.0109547590782157 2.6179938779916716
3.06305283725025 2.6179938779916716
3.0109547590782157 2.8797932657908385
3.06305283725025 2.8797932657908385
