0.025 -3.14159265359
0.003 -3.14159265359
0.025 -2.827433388231
0.003 -2.827433388231
0.025 -2.5132741228719997
0.003 -2.5132741228719997
0.025 -2.1991148575129995
0.003 -2.1991148575129995
0.025 -1.8849555921539993
0.003 -1.8849555921539993
0.025 -1.5707963267949991
0.003 -1.5707963267949991
0.025 -1.256637061435999
0.003 -1.256637061435999
0.025 -0.9424777960769988
0.003 -0.9424777960769988
0.025 -0.6283185307179986
0.003 -0.6283185307179986
0.025 -0.3141592653589984
0.003 -0.3141592653589984
0.025 1.7763568394002505e-15
0.003 1.7763568394002505e-15
0.025 0.31415926535900196
0.003 0.31415926535900196
0.025 0.6283185307180021
0.003 0.6283185307180021
0.025 0.9424777960770028
0.003 0.9424777960770028
0.025 1.2566370614360025
0.003 1.2566370614360025
0.025 1.5707963267950023
0.003 1.5707963267950023
0.025 1.8849555921540029
0.003 1.8849555921540029
0.025 2.1991148575130035
0.003 2.1991148575130035
0.025 2.5132741228720032
0.003 2.5132741228720032
0.025 2.827433388231003
0.003 2.827433388231003
0.10833333333333883 -3.14159265359
0.08633333333333883 -3.14159265359
0.10833333333333883 -2.827433388231
0.08633333333333883 -2.827433388231
0.10833333333333883 -2.5132741228719997
0.08633333333333883 -2.5132741228719997
0.10833333333333883 -2.1991148575129995
0.08633333333333883 -2.1991148575129995
0.10833333333333883 -1.8849555921539993
0.08633333333333883 -1.8849555921539993
0.10833333333333883 -1.5707963267949991
0.08633333333333883 -1.5707963267949991
0.10833333333333883 -1.256637061435999
0.08633333333333883 -1.256637061435999
0.10833333333333883 -0.9424777960769988
0.08633333333333883 -0.9424777960769988
0.10833333333333883 -0.6283185307179986
0.08633333333333883 -0.6283185307179986
0.10833333333333883 -0.3141592653589984
0.08633333333333883 -0.3141592653589984
0.10833333333333883 1.7763568394002505e-15
0.08633333333333883 1.7763568394002505e-15
0.10833333333333883 0.31415926535900196
0.08633333333333883 0.31415926535900196
0.10833333333333883 0.6283185307180021
0.08633333333333883 0.6283185307180021
0.10833333333333883 0.9424777960770028
0.08633333333333883 0.9424777960770028
0.10833333333333883 1.2566370614360025
0.08633333333333883 1.2566370614360025
0.10833333333333883 1.5707963267950023
0.08633333333333883 1.5707963267950023
0.10833333333333883 1.8849555921540029
0.08633333333333883 1.8849555921540029
0.10833333333333883 2.1991148575130035
0.08633333333333883 2.1991148575130035
0.10833333333333883 2.5132741228720032
0.08633333333333883 2.5132741228720032
0.10833333333333883 2.827433388231003
0.08633333333333883 2.827433388231003
0.19166666666667764 -3.14159265359
0.16966666666667765 -3.14159265359
0.19166666666667764 -2.827433388231
0.16966666666667765 -2.827433388231
0.19166666666667764 -2.5132741228719997
0.16966666666667765 -2.5132741228719997
0.19166666666667764 -2.1991148575129995
0.16966666666667765 -2.1991148575129995
0.19166666666667764 -1.8849555921539993
0.16966666666667765 -1.8849555921539993
0.19166666666667764 -1.5707963267949991
0.16966666666667765 -1.5707963267949991
0.19166666666667764 -1.256637061435999
0.16966666666667765 -1.256637061435999
0.19166666666667764 -0.9424777960769988
0.16966666666667765 -0.9424777960769988
0.19166666666667764 -0.6283185307179986
0.16966666666667765 -0.6283185307179986
0.19166666666667764 -0.3141592653589984
0.16966666666667765 -0.3141592653589984
0.19166666666667764 1.7763568394002505e-15
0.16966666666667765 1.7763568394002505e-15
0.19166666666667764 0.31415926535900196
0.16966666666667765 0.31415926535900196
0.19166666666667764 0.6283185307180021
0.16966666666667765 0.6283185307180021
0.19166666666667764 0.9424777960770028
0.16966666666667765 0.9424777960770028
0.19166666666667764 1.2566370614360025
0.16966666666667765 1.2566370614360025
0.19166666666667764 1.5707963267950023
0.16966666666667765 1.5707963267950023
0.19166666666667764 1.8849555921540029
0.16966666666667765 1.8849555921540029
0.19166666666667764 2.1991148575130035
0.16966666666667765 2.1991148575130035
0.19166666666667764 2.5132741228720032
0.16966666666667765 2.5132741228720032
0.19166666666667764 2.827433388231003
0.16966666666667765 2.827433388231003
0.2750000000000165 -3.14159265359
0.2530000000000165 -3.14159265359
0.2750000000000165 -2.827433388231
0.2530000000000165 -2.827433388231
0.2750000000000165 -2.5132741228719997
0.2530000000000165 -2.5132741228719997
0.2750000000000165 -2.1991148575129995
0.2530000000000165 -2.1991148575129995
0.2750000000000165 -1.8849555921539993
0.2530000000000165 -1.8849555921539993
0.2750000000000165 -1.5707963267949991
0.2530000000000165 -1.5707963267949991
0.2750000000000165 -1.256637061435999
0.2530000000000165 -1.256637061435999
0.2750000000000165 -0.9424777960769988
0.2530000000000165 -0.9424777960769988
0.2750000000000165 -0.6283185307179986
0.2530000000000165 -0.6283185307179986
0.2750000000000165 -0.3141592653589984
0.2530000000000165 -0.3141592653589984
0.2750000000000165 1.7763568394002505e-15
0.2530000000000165 1.7763568394002505e-15
0.2750000000000165 0.31415926535900196
0.2530000000000165 0.31415926535900196
0.2750000000000165 0.6283185307180021
0.2530000000000165 0.6283185307180021
0.2750000000000165 0.9424777960770028
0.2530000000000165 0.9424777960770028
0.2750000000000165 1.2566370614360025
0.2530000000000165 1.2566370614360025
0.2750000000000165 1.5707963267950023
0.2530000000000165 1.5707963267950023
0.2750000000000165 1.8849555921540029
0.2530000000000165 1.8849555921540029
0.2750000000000165 2.1991148575130035
0.2530000000000165 2.1991148575130035
0.2750000000000165 2.5132741228720032
0.2530000000000165 2.5132741228720032
0.2750000000000165 2.827433388231003
0.2530000000000165 2.827433388231003
0.3583333333333553 -3.14159265359
0.3363333333333553 -3.14159265359
0.3583333333333553 -2.827433388231
0.3363333333333553 -2.827433388231
0.3583333333333553 -2.5132741228719997
0.3363333333333553 -2.5132741228719997
0.3583333333333553 -2.1991148575129995
0.3363333333333553 -2.1991148575129995
0.3583333333333553 -1.8849555921539993
0.3363333333333553 -1.8849555921539993
0.3583333333333553 -1.5707963267949991
0.3363333333333553 -1.5707963267949991
0.3583333333333553 -1.256637061435999
0.3363333333333553 -1.256637061435999
0.3583333333333553 -0.9424777960769988
0.3363333333333553 -0.9424777960769988
0.3583333333333553 -0.6283185307179986
0.3363333333333553 -0.6283185307179986
0.3583333333333553 -0.3141592653589984
0.3363333333333553 -0.3141592653589984
0.3583333333333553 1.7763568394002505e-15
0.3363333333333553 1.7763568394002505e-15
0.3583333333333553 0.31415926535900196
0.3363333333333553 0.31415926535900196
0.3583333333333553 0.6283185307180021
0.3363333333333553 0.6283185307180021
0.3583333333333553 0.9424777960770028
0.3363333333333553 0.9424777960770028
0.3583333333333553 1.2566370614360025
0.3363333333333553 1.2566370614360025
0.3583333333333553 1.5707963267950023
0.3363333333333553 1.5707963267950023
0.3583333333333553 1.8849555921540029
0.3363333333333553 1.8849555921540029
0.3583333333333553 2.1991148575130035
0.3363333333333553 2.1991148575130035
0.3583333333333553 2.5132741228720032
0.3363333333333553 2.5132741228720032
0.3583333333333553 2.827433388231003
0.3363333333333553 2.827433388231003
0.44166666666669413 -3.14159265359
0.4196666666666941 -3.14159265359
0.44166666666669413 -2.827433388231
0.4196666666666941 -2.827433388231
0.44166666666669413 -2.5132741228719997
0.4196666666666941 -2.5132741228719997
0.44166666666669413 -2.1991148575129995
0.4196666666666941 -2.1991148575129995
0.44166666666669413 -1.8849555921539993
0.4196666666666941 -1.8849555921539993
0.44166666666669413 -1.5707963267949991
0.4196666666666941 -1.5707963267949991
0.44166666666669413 -1.256637061435999
0.4196666666666941 -1.256637061435999
0.44166666666669413 -0.9424777960769988
0.4196666666666941 -0.9424777960769988
0.44166666666669413 -0.6283185307179986
0.4196666666666941 -0.6283185307179986
0.44166666666669413 -0.3141592653589984
0.4196666666666941 -0.3141592653589984
0.44166666666669413 1.7763568394002505e-15
0.4196666666666941 1.7763568394002505e-15
0.44166666666669413 0.31415926535900196
0.4196666666666941 0.31415926535900196
0.44166666666669413 0.6283185307180021
0.4196666666666941 0.6283185307180021
0.44166666666669413 0.9424777960770028
0.4196666666666941 0.9424777960770028
0.44166666666669413 1.2566370614360025
0.4196666666666941 1.2566370614360025
0.44166666666669413 1.5707963267950023
0.4196666666666941 1.5707963267950023
0.44166666666669413 1.8849555921540029
0.4196666666666941 1.8849555921540029
0.44166666666669413 2.1991148575130035
0.4196666666666941 2.1991148575130035
0.44166666666669413 2.5132741228720032
0.4196666666666941 2.5132741228720032
0.44166666666669413 2.827433388231003
0.4196666666666941 2.827433388231003
0.525000000000033 -3.14159265359
0.503000000000033 -3.14159265359
0.525000000000033 -2.827433388231
0.503000000000033 -2.827433388231
0.525000000000033 -2.5132741228719997
0.503000000000033 -2.5132741228719997
0.525000000000033 -2.1991148575129995
0.503000000000033 -2.1991148575129995
0.525000000000033 -1.8849555921539993
0.503000000000033 -1.8849555921539993
0.525000000000033 -1.5707963267949991
0.503000000000033 -1.5707963267949991
0.525000000000033 -1.256637061435999
0.503000000000033 -1.256637061435999
0.525000000000033 -0.9424777960769988
0.503000000000033 -0.9424777960769988
0.525000000000033 -0.6283185307179986
0.503000000000033 -0.6283185307179986
0.525000000000033 -0.3141592653589984
0.503000000000033 -0.3141592653589984
0.525000000000033 1.7763568394002505e-15
0.503000000000033 1.7763568394002505e-15
0.525000000000033 0.31415926535900196
0.503000000000033 0.31415926535900196
0.525000000000033 0.6283185307180021
0.503000000000033 0.6283185307180021
0.525000000000033 0.9424777960770028
0.503000000000033 0.9424777960770028
0.525000000000033 1.2566370614360025
0.503000000000033 1.2566370614360025
0.525000000000033 1.5707963267950023
0.503000000000033 1.5707963267950023
0.525000000000033 1.8849555921540029
0.503000000000033 1.8849555921540029
0.525000000000033 2.1991148575130035
0.503000000000033 2.1991148575130035
0.525000000000033 2.5132741228720032
0.503000000000033 2.5132741228720032
0.525000000000033 2.827433388231003
0.503000000000033 2.827433388231003
0.6083333333333718 -3.14159265359
0.5863333333333718 -3.14159265359
0.6083333333333718 -2.827433388231
0.5863333333333718 -2.827433388231
0.6083333333333718 -2.5132741228719997
0.5863333333333718 -2.5132741228719997
0.6083333333333718 -2.1991148575129995
0.5863333333333718 -2.1991148575129995
0.6083333333333718 -1.8849555921539993
0.5863333333333718 -1.8849555921539993
0.6083333333333718 -1.5707963267949991
0.5863333333333718 -1.5707963267949991
0.6083333333333718 -1.256637061435999
0.5863333333333718 -1.256637061435999
0.6083333333333718 -0.9424777960769988
0.5863333333333718 -0.9424777960769988
0.6083333333333718 -0.6283185307179986
0.5863333333333718 -0.6283185307179986
0.6083333333333718 -0.3141592653589984
0.5863333333333718 -0.3141592653589984
0.6083333333333718 1.7763568394002505e-15
0.5863333333333718 1.7763568394002505e-15
0.6083333333333718 0.31415926535900196
0.5863333333333718 0.31415926535900196
0.6083333333333718 0.6283185307180021
0.5863333333333718 0.6283185307180021
0.6083333333333718 0.9424777960770028
0.5863333333333718 0.9424777960770028
0.6083333333333718 1.2566370614360025
0.5863333333333718 1.2566370614360025
0.6083333333333718 1.5707963267950023
0.5863333333333718 1.5707963267950023
0.6083333333333718 1.8849555921540029
0.5863333333333718 1.8849555921540029
0.6083333333333718 2.1991148575130035
0.5863333333333718 2.1991148575130035
0.6083333333333718 2.5132741228720032
0.5863333333333718 2.5132741228720032
0.6083333333333718 2.827433388231003
0.5863333333333718 2.827433388231003
0.6916666666667106 -3.14159265359
0.6696666666667106 -3.14159265359
0.6916666666667106 -2.827433388231
0.6696666666667106 -2.827433388231
0.6916666666667106 -2.5132741228719997
0.6696666666667106 -2.5132741228719997
0.6916666666667106 -2.1991148575129995
0.6696666666667106 -2.1991148575129995
0.6916666666667106 -1.8849555921539993
0.6696666666667106 -1.8849555921539993
0.6916666666667106 -1.5707963267949991
0.6696666666667106 -1.5707963267949991
0.6916666666667106 -1.256637061435999
0.6696666666667106 -1.256637061435999
0.6916666666667106 -0.9424777960769988
0.6696666666667106 -0.9424777960769988
0.6916666666667106 -0.6283185307179986
0.6696666666667106 -0.6283185307179986
0.6916666666667106 -0.3141592653589984
0.6696666666667106 -0.3141592653589984
0.6916666666667106 1.7763568394002505e-15
0.6696666666667106 1.7763568394002505e-15
0.6916666666667106 0.31415926535900196
0.6696666666667106 0.31415926535900196
0.6916666666667106 0.6283185307180021
0.6696666666667106 0.6283185307180021
0.6916666666667106 0.9424777960770028
0.6696666666667106 0.9424777960770028
0.6916666666667106 1.2566370614360025
0.6696666666667106 1.2566370614360025
0.6916666666667106 1.5707963267950023
0.6696666666667106 1.5707963267950023
0.6916666666667106 1.8849555921540029
0.6696666666667106 1.8849555921540029
0.6916666666667106 2.1991148575130035
0.6696666666667106 2.1991148575130035
0.6916666666667106 2.5132741228720032
0.6696666666667106 2.5132741228720032
0.6916666666667106 2.827433388231003
0.6696666666667106 2.827433388231003
0.7750000000000494 -3.14159265359
0.7530000000000494 -3.14159265359
0.7750000000000494 -2.827433388231
0.7530000000000494 -2.827433388231
0.7750000000000494 -2.5132741228719997
0.7530000000000494 -2.5132741228719997
0.7750000000000494 -2.1991148575129995
0.7530000000000494 -2.1991148575129995
0.7750000000000494 -1.8849555921539993
0.7530000000000494 -1.8849555921539993
0.7750000000000494 -1.5707963267949991
0.7530000000000494 -1.5707963267949991
0.7750000000000494 -1.256637061435999
0.7530000000000494 -1.256637061435999
0.7750000000000494 -0.9424777960769988
0.7530000000000494 -0.9424777960769988
0.7750000000000494 -0.6283185307179986
0.7530000000000494 -0.6283185307179986
0.7750000000000494 -0.3141592653589984
0.7530000000000494 -0.3141592653589984
0.7750000000000494 1.7763568394002505e-15
0.7530000000000494 1.7763568394002505e-15
0.7750000000000494 0.31415926535900196
0.7530000000000494 0.31415926535900196
0.7750000000000494 0.6283185307180021
0.7530000000000494 0.6283185307180021
0.7750000000000494 0.9424777960770028
0.7530000000000494 0.9424777960770028
0.7750000000000494 1.2566370614360025
0.7530000000000494 1.2566370614360025
0.7750000000000494 1.5707963267950023
0.7530000000000494 1.5707963267950023
0.7750000000000494 1.8849555921540029
0.7530000000000494 1.8849555921540029
0.7750000000000494 2.1991148575130035
0.7530000000000494 2.1991148575130035
0.7750000000000494 2.5132741228720032
0.7530000000000494 2.5132741228720032
0.7750000000000494 2.827433388231003
0.7530000000000494 2.827433388231003
0.8583333333333882 -3.14159265359
0.8363333333333882 -3.14159265359
0.8583333333333882 -2.827433388231
0.8363333333333882 -2.827433388231
0.8583333333333882 -2.5132741228719997
0.8363333333333882 -2.5132741228719997
0.8583333333333882 -2.1991148575129995
0.8363333333333882 -2.1991148575129995
0.8583333333333882 -1.8849555921539993
0.8363333333333882 -1.8849555921539993
0.8583333333333882 -1.5707963267949991
0.8363333333333882 -1.5707963267949991
0.8583333333333882 -1.256637061435999
0.8363333333333882 -1.256637061435999
0.8583333333333882 -0.9424777960769988
0.8363333333333882 -0.9424777960769988
0.8583333333333882 -0.6283185307179986
0.8363333333333882 -0.6283185307179986
0.8583333333333882 -0.3141592653589984
0.8363333333333882 -0.3141592653589984
0.8583333333333882 1.7763568394002505e-15
0.8363333333333882 1.7763568394002505e-15
0.8583333333333882 0.31415926535900196
0.8363333333333882 0.31415926535900196
0.8583333333333882 0.6283185307180021
0.8363333333333882 0.6283185307180021
0.8583333333333882 0.9424777960770028
0.8363333333333882 0.9424777960770028
0.8583333333333882 1.2566370614360025
0.8363333333333882 1.2566370614360025
0.8583333333333882 1.5707963267950023
0.8363333333333882 1.5707963267950023
0.8583333333333882 1.8849555921540029
0.8363333333333882 1.8849555921540029
0.8583333333333882 2.1991148575130035
0.8363333333333882 2.1991148575130035
0.8583333333333882 2.5132741228720032
0.8363333333333882 2.5132741228720032
0.8583333333333882 2.827433388231003
0.8363333333333882 2.827433388231003
0.941666666666727 -3.14159265359
0.919666666666727 -3.14159265359
0.941666666666727 -2.827433388231
0.919666666666727 -2.827433388231
0.941666666666727 -2.5132741228719997
0.919666666666727 -2.5132741228719997
0.941666666666727 -2.1991148575129995
0.919666666666727 -2.1991148575129995
0.941666666666727 -1.8849555921539993
0.919666666666727 -1.8849555921539993
0.941666666666727 -1.5707963267949991
0.919666666666727 -1.5707963267949991
0.941666666666727 -1.256637061435999
0.919666666666727 -1.256637061435999
0.941666666666727 -0.9424777960769988
0.919666666666727 -0.9424777960769988
0.941666666666727 -0.6283185307179986
0.919666666666727 -0.6283185307179986
0.941666666666727 -0.3141592653589984
0.919666666666727 -0.3141592653589984
0.941666666666727 1.7763568394002505e-15
0.919666666666727 1.7763568394002505e-15
0.941666666666727 0.31415926535900196
0.919666666666727 0.31415926535900196
0.941666666666727 0.6283185307180021
0.919666666666727 0.6283185307180021
0.941666666666727 0.9424777960770028
0.919666666666727 0.9424777960770028
0.941666666666727 1.2566370614360025
0.919666666666727 1.2566370614360025
0.941666666666727 1.5707963267950023
0.919666666666727 1.5707963267950023
0.941666666666727 1.8849555921540029
0.919666666666727 1.8849555921540029
0.941666666666727 2.1991148575130035
0.919666666666727 2.1991148575130035
0.941666666666727 2.5132741228720032
0.919666666666727 2.5132741228720032
0.941666666666727 2.827433388231003
0.919666666666727 2.827433388231003
