0.5235987755982988 0.0
0.5235987755982988 0.004197184573934259
0.5235987755982988 0.008394369147868518
0.5235987755982988 0.012591553721802777
0.5235987755982988 0.016788738295737037
0.5235987755982988 0.020985922869671297
0.5235987755982988 0.025183107443605555
0.5235987755982988 0.029380292017539812
0.5235987755982988 0.03357747659147407
0.5235987755982988 0.037774661165408334
0.5235987755982988 0.041971845739342595
0.5235987755982988 0.04616903031327685
0.5235987755982988 0.05036621488721111
0.5235987755982988 0.05456339946114537
0.5235987755982988 0.058760584035079624
0.5235987755982988 0.06295776860901389
0.5235987755982988 0.06715495318294815
0.5235987755982988 0.0713521377568824
0.5235987755982988 0.07554932233081667
0.5235987755982988 0.07974650690475092
0.5235987755982988 0.08394369147868519
0.5235987755982988 0.08814087605261944
0.5235987755982988 0.0923380606265537
0.5235987755982988 0.09653524520048797
0.5235987755982988 0.10073242977442222
0.5235987755982988 0.10492961434835647
0.5235987755982988 0.10912679892229074
0.5235987755982988 0.113323983496225
0.5235987755982988 0.11752116807015925
0.5235987755982988 0.12171835264409352
0.5235987755982988 0.12591553721802778
0.5235987755982988 0.13011272179196204
0.5235987755982988 0.1343099063658963
0.5235987755982988 0.13850709093983055
0.5235987755982988 0.1427042755137648
0.5235987755982988 0.14690146008769908
0.5235987755982988 0.15109864466163334
0.5235987755982988 0.1552958292355676
0.5235987755982988 0.15949301380950184
0.5235987755982988 0.1636901983834361
0.5235987755982988 0.16788738295737038
0.5235987755982988 0.17208456753130463
0.5235987755982988 0.1762817521052389
0.5235987755982988 0.18047893667917314
0.5235987755982988 0.1846761212531074
0.5235987755982988 0.18887330582704165
0.5235987755982988 0.19307049040097593
0.5235987755982988 0.19726767497491018
0.5235987755982988 0.20146485954884444
0.5235987755982988 0.2056620441227787
0.5235987755982988 0.20985922869671295
0.5235987755982988 0.21405641327064723
0.5235987755982988 0.21825359784458148
0.5235987755982988 0.22245078241851574
0.5235987755982988 0.22664796699245
0.5235987755982988 0.23084515156638424
0.5235987755982988 0.2350423361403185
0.5235987755982988 0.23923952071425278
0.5235987755982988 0.24343670528818703
0.5235987755982988 0.2476338898621213
0.5235987755982988 0.25183107443605557
0.5235987755982988 0.2560282590099898
0.5235987755982988 0.2602254435839241
0.5235987755982988 0.26442262815785833
0.5235987755982988 0.2686198127317926
0.5235987755982988 0.27281699730572684
0.5235987755982988 0.2770141818796611
0.5235987755982988 0.28121136645359535
0.5235987755982988 0.2854085510275296
0.5235987755982988 0.28960573560146385
0.5235987755982988 0.29380292017539816
0.5235987755982988 0.2980001047493324
0.5235987755982988 0.30219728932326667
0.5235987755982988 0.3063944738972009
0.5235987755982988 0.3105916584711352
0.5235987755982988 0.31478884304506943
0.5235987755982988 0.3189860276190037
0.5235987755982988 0.32318321219293794
0.5235987755982988 0.3273803967668722
0.5235987755982988 0.33157758134080645
0.5235987755982988 0.33577476591474076
0.5235987755982988 0.339971950488675
0.5235987755982988 0.34416913506260927
0.5235987755982988 0.3483663196365435
0.5235987755982988 0.3525635042104778
0.5235987755982988 0.35676068878441203
0.5235987755982988 0.3609578733583463
0.5235987755982988 0.36515505793228054
0.5235987755982988 0.3693522425062148
0.5235987755982988 0.37354942708014904
0.5235987755982988 0.3777466116540833
0.5235987755982988 0.3819437962280176
0.5235987755982988 0.38614098080195186
0.5235987755982988 0.3903381653758861
0.5235987755982988 0.39453534994982037
0.5235987755982988 0.3987325345237546
0.5235987755982988 0.4029297190976889
0.5235987755982988 0.40712690367162313
0.5235987755982988 0.4113240882455574
0.5235987755982988 0.41552127281949164
0.5235987755982988 0.4197184573934259
0.5235987755982988 0.42391564196736015
0.5235987755982988 0.42811282654129446
0.5235987755982988 0.4323100111152287
0.5235987755982988 0.43650719568916296
0.5235987755982988 0.4407043802630972
0.5235987755982988 0.44490156483703147
0.5235987755982988 0.4490987494109657
0.5235987755982988 0.4532959339849
0.5235987755982988 0.45749311855883423
0.5235987755982988 0.4616903031327685
0.5235987755982988 0.46588748770670274
0.5235987755982988 0.470084672280637
0.5235987755982988 0.4742818568545713
0.5235987755982988 0.47847904142850556
0.5235987755982988 0.4826762260024398
0.5235987755982988 0.48687341057637407
0.5235987755982988 0.4910705951503083
0.5235987755982988 0.4952677797242426
0.5235987755982988 0.49946496429817683
0.5235987755982988 0.5036621488721111
0.5235987755982988 0.5078593334460454
0.5235987755982988 0.5120565180199796
0.5235987755982988 0.5162537025939139
0.5235987755982988 0.5204508871678482
0.5235987755982988 0.5246480717417824
0.5235987755982988 0.5288452563157167
0.5235987755982988 0.5330424408896509
0.5235987755982988 0.5372396254635852
0.5235987755982988 0.5414368100375194
0.5235987755982988 0.5456339946114537
0.5235987755982988 0.5498311791853879
0.5235987755982988 0.5540283637593222
0.5235987755982988 0.5582255483332564
0.5235987755982988 0.5624227329071907
0.5235987755982988 0.566619917481125
0.5235987755982988 0.5708171020550592
0.5235987755982988 0.5750142866289935
0.5235987755982988 0.5792114712029277
0.5235987755982988 0.5834086557768621
0.5235987755982988 0.5876058403507963
0.5235987755982988 0.5918030249247306
0.5235987755982988 0.5960002094986648
0.5235987755982988 0.6001973940725991
0.5235987755982988 0.6043945786465333
0.5235987755982988 0.6085917632204676
0.5235987755982988 0.6127889477944019
0.5235987755982988 0.6169861323683361
0.5235987755982988 0.6211833169422704
0.5235987755982988 0.6253805015162046
0.5235987755982988 0.6295776860901389
0.5235987755982988 0.6337748706640731
0.5235987755982988 0.6379720552380074
0.5235987755982988 0.6421692398119416
0.5235987755982988 0.6463664243858759
0.5235987755982988 0.6505636089598101
0.5235987755982988 0.6547607935337444
0.5235987755982988 0.6589579781076786
0.5235987755982988 0.6631551626816129
0.5235987755982988 0.6673523472555472
0.5235987755982988 0.6715495318294815
0.5235987755982988 0.6757467164034158
0.5235987755982988 0.67994390097735
0.5235987755982988 0.6841410855512843
0.5235987755982988 0.6883382701252185
0.5235987755982988 0.6925354546991528
0.5235987755982988 0.696732639273087
0.5235987755982988 0.7009298238470213
0.5235987755982988 0.7051270084209555
0.5235987755982988 0.7093241929948898
0.5235987755982988 0.7135213775688241
0.5235987755982988 0.7177185621427583
0.5235987755982988 0.7219157467166926
0.5235987755982988 0.7261129312906268
0.5235987755982988 0.7303101158645611
0.5235987755982988 0.7345073004384953
0.5235987755982988 0.7387044850124296
0.5235987755982988 0.7429016695863638
0.5235987755982988 0.7470988541602981
0.5235987755982988 0.7512960387342323
0.5235987755982988 0.7554932233081666
0.5235987755982988 0.7596904078821008
0.5235987755982988 0.7638875924560352
0.5235987755982988 0.7680847770299695
0.5235987755982988 0.7722819616039037
0.5235987755982988 0.776479146177838
0.5235987755982988 0.7806763307517722
0.5235987755982988 0.7848735153257065
0.5235987755982988 0.7890706998996407
0.5235987755982988 0.793267884473575
0.5235987755982988 0.7974650690475092
0.5235987755982988 0.8016622536214435
0.5235987755982988 0.8058594381953778
0.5235987755982988 0.810056622769312
0.5235987755982988 0.8142538073432463
0.5235987755982988 0.8184509919171805
0.5235987755982988 0.8226481764911148
0.5235987755982988 0.826845361065049
0.5235987755982988 0.8310425456389833
0.5235987755982988 0.8352397302129175
0.5235987755982988 0.8394369147868518
0.5235987755982988 0.843634099360786
0.5235987755982988 0.8478312839347203
0.5235987755982988 0.8520284685086547
0.5235987755982988 0.8562256530825889
0.5235987755982988 0.8604228376565232
0.5235987755982988 0.8646200222304574
0.5235987755982988 0.8688172068043917
0.5235987755982988 0.8730143913783259
0.5235987755982988 0.8772115759522602
0.5235987755982988 0.8814087605261944
0.5235987755982988 0.8856059451001287
0.5235987755982988 0.8898031296740629
0.5235987755982988 0.8940003142479972
0.5235987755982988 0.8981974988219315
0.5235987755982988 0.9023946833958657
0.5235987755982988 0.9065918679698
0.5235987755982988 0.9107890525437342
0.5235987755982988 0.9149862371176685
0.5235987755982988 0.9191834216916027
0.5235987755982988 0.923380606265537
0.5235987755982988 0.9275777908394712
0.5235987755982988 0.9317749754134055
0.5235987755982988 0.9359721599873397
0.5235987755982988 0.940169344561274
0.5235987755982988 0.9443665291352084
0.5235987755982988 0.9485637137091426
0.5235987755982988 0.9527608982830769
0.5235987755982988 0.9569580828570111
0.5235987755982988 0.9611552674309454
0.5235987755982988 0.9653524520048796
0.5235987755982988 0.9695496365788139
0.5235987755982988 0.9737468211527481
0.5235987755982988 0.9779440057266824
0.5235987755982988 0.9821411903006166
0.5235987755982988 0.9863383748745509
0.5235987755982988 0.9905355594484851
0.5235987755982988 0.9947327440224194
0.5235987755982988 0.9989299285963537
0.5235987755982988 1.003127113170288
0.5235987755982988 1.0073242977442223
0.5235987755982988 1.0115214823181564
0.5235987755982988 1.0157186668920908
0.5235987755982988 1.019915851466025
0.5235987755982988 1.0241130360399593
0.5235987755982988 1.0283102206138934
0.5235987755982988 1.0325074051878278
0.5235987755982988 1.036704589761762
0.5235987755982988 1.0409017743356963
0.5235987755982988 1.0450989589096304
0.5235987755982988 1.0492961434835648
0.5235987755982988 1.053493328057499
0.5235987755982988 1.0576905126314333
0.5235987755982988 1.0618876972053675
0.5235987755982988 1.0660848817793018
0.5235987755982988 1.070282066353236
0.5235987755982988 1.0744792509271703
0.5235987755982988 1.0786764355011047
0.5235987755982988 1.0828736200750388
0.5235987755982988 1.0870708046489732
0.5235987755982988 1.0912679892229074
0.5235987755982988 1.0954651737968417
0.5235987755982988 1.0996623583707759
0.5235987755982988 1.1038595429447102
0.5235987755982988 1.1080567275186444
0.5235987755982988 1.1122539120925787
0.5235987755982988 1.1164510966665129
0.5235987755982988 1.1206482812404472
0.5235987755982988 1.1248454658143814
0.5235987755982988 1.1290426503883157
0.5235987755982988 1.13323983496225
0.5235987755982988 1.1374370195361843
0.5235987755982988 1.1416342041101184
0.5235987755982988 1.1458313886840528
0.5235987755982988 1.150028573257987
0.5235987755982988 1.1542257578319213
0.5235987755982988 1.1584229424058554
0.5235987755982988 1.1626201269797898
0.5235987755982988 1.1668173115537241
0.5235987755982988 1.1710144961276583
0.5235987755982988 1.1752116807015927
0.5235987755982988 1.1794088652755268
0.5235987755982988 1.1836060498494612
0.5235987755982988 1.1878032344233953
0.5235987755982988 1.1920004189973297
0.5235987755982988 1.1961976035712638
0.5235987755982988 1.2003947881451982
0.5235987755982988 1.2045919727191323
0.5235987755982988 1.2087891572930667
0.5235987755982988 1.2129863418670008
0.5235987755982988 1.2171835264409352
0.5235987755982988 1.2213807110148693
0.5235987755982988 1.2255778955888037
0.5235987755982988 1.2297750801627378
0.5235987755982988 1.2339722647366722
0.5235987755982988 1.2381694493106064
0.5235987755982988 1.2423666338845407
0.5235987755982988 1.2465638184584749
0.5235987755982988 1.2507610030324092
0.5235987755982988 1.2549581876063436
0.5235987755982988 1.2591553721802777
0.5235987755982988 1.263352556754212
0.5235987755982988 1.2675497413281462
0.5235987755982988 1.2717469259020806
0.5235987755982988 1.2759441104760147
0.5235987755982988 1.2801412950499491
0.5235987755982988 1.2843384796238833
0.5235987755982988 1.2885356641978176
0.5235987755982988 1.2927328487717518
0.5235987755982988 1.2969300333456861
0.5235987755982988 1.3011272179196203
0.5235987755982988 1.3053244024935546
0.5235987755982988 1.3095215870674888
0.5235987755982988 1.3137187716414231
0.5235987755982988 1.3179159562153573
0.5235987755982988 1.3221131407892917
0.5235987755982988 1.3263103253632258
0.5235987755982988 1.3305075099371602
0.5235987755982988 1.3347046945110943
0.5235987755982988 1.3389018790850287
0.5235987755982988 1.343099063658963
0.5235987755982988 1.3472962482328972
0.5235987755982988 1.3514934328068315
0.5235987755982988 1.3556906173807657
0.5235987755982988 1.3598878019547
0.5235987755982988 1.3640849865286342
0.5235987755982988 1.3682821711025686
0.5235987755982988 1.3724793556765027
0.5235987755982988 1.376676540250437
0.5235987755982988 1.3808737248243712
0.5235987755982988 1.3850709093983056
0.5235987755982988 1.3892680939722397
0.5235987755982988 1.393465278546174
0.5235987755982988 1.3976624631201082
0.5235987755982988 1.4018596476940426
0.5235987755982988 1.4060568322679767
0.5235987755982988 1.410254016841911
0.5235987755982988 1.4144512014158452
0.5235987755982988 1.4186483859897796
0.5235987755982988 1.4228455705637137
0.5235987755982988 1.4270427551376481
0.5235987755982988 1.4312399397115823
0.5235987755982988 1.4354371242855166
0.5235987755982988 1.439634308859451
0.5235987755982988 1.4438314934333851
0.5235987755982988 1.4480286780073195
0.5235987755982988 1.4522258625812536
0.5235987755982988 1.456423047155188
0.5235987755982988 1.4606202317291221
0.5235987755982988 1.4648174163030565
0.5235987755982988 1.4690146008769907
0.5235987755982988 1.473211785450925
0.5235987755982988 1.4774089700248592
0.5235987755982988 1.4816061545987935
0.5235987755982988 1.4858033391727277
0.5235987755982988 1.490000523746662
0.5235987755982988 1.4941977083205962
0.5235987755982988 1.4983948928945305
0.5235987755982988 1.5025920774684647
0.5235987755982988 1.506789262042399
0.5235987755982988 1.5109864466163332
0.5235987755982988 1.5151836311902676
0.5235987755982988 1.5193808157642017
0.5235987755982988 1.523578000338136
0.5235987755982988 1.5277751849120704
0.5235987755982988 1.5319723694860046
0.5235987755982988 1.536169554059939
0.5235987755982988 1.540366738633873
0.5235987755982988 1.5445639232078074
0.5235987755982988 1.5487611077817416
0.5235987755982988 1.552958292355676
0.5235987755982988 1.55715547692961
0.5235987755982988 1.5613526615035445
0.5235987755982988 1.5655498460774786
0.5235987755982988 1.569747030651413
0.5235987755982988 1.573944215225347
0.5235987755982988 1.5781413997992815
0.5235987755982988 1.5823385843732156
0.5235987755982988 1.58653576894715
0.5235987755982988 1.5907329535210841
0.5235987755982988 1.5949301380950185
0.5235987755982988 1.5991273226689526
0.5235987755982988 1.603324507242887
0.5235987755982988 1.6075216918168211
0.5235987755982988 1.6117188763907555
0.5235987755982988 1.6159160609646899
0.5235987755982988 1.620113245538624
0.5235987755982988 1.6243104301125584
0.5235987755982988 1.6285076146864925
0.5235987755982988 1.6327047992604269
0.5235987755982988 1.636901983834361
0.5235987755982988 1.6410991684082954
0.5235987755982988 1.6452963529822295
0.5235987755982988 1.649493537556164
0.5235987755982988 1.653690722130098
0.5235987755982988 1.6578879067040324
0.5235987755982988 1.6620850912779666
0.5235987755982988 1.666282275851901
0.5235987755982988 1.670479460425835
0.5235987755982988 1.6746766449997694
0.5235987755982988 1.6788738295737036
0.5235987755982988 1.683071014147638
0.5235987755982988 1.687268198721572
0.5235987755982988 1.6914653832955064
0.5235987755982988 1.6956625678694406
0.5235987755982988 1.699859752443375
0.5235987755982988 1.7040569370173093
0.5235987755982988 1.7082541215912435
0.5235987755982988 1.7124513061651778
0.5235987755982988 1.716648490739112
0.5235987755982988 1.7208456753130463
0.5235987755982988 1.7250428598869805
0.5235987755982988 1.7292400444609148
0.5235987755982988 1.733437229034849
0.5235987755982988 1.7376344136087833
0.5235987755982988 1.7418315981827175
0.5235987755982988 1.7460287827566519
0.5235987755982988 1.750225967330586
0.5235987755982988 1.7544231519045204
0.5235987755982988 1.7586203364784545
0.5235987755982988 1.7628175210523889
0.5235987755982988 1.767014705626323
0.5235987755982988 1.7712118902002574
0.5235987755982988 1.7754090747741915
0.5235987755982988 1.7796062593481259
0.5235987755982988 1.78380344392206
0.5235987755982988 1.7880006284959944
0.5235987755982988 1.7921978130699288
0.5235987755982988 1.796394997643863
0.5235987755982988 1.8005921822177973
0.5235987755982988 1.8047893667917314
0.5235987755982988 1.8089865513656658
0.5235987755982988 1.8131837359396
0.5235987755982988 1.8173809205135343
0.5235987755982988 1.8215781050874684
0.5235987755982988 1.8257752896614028
0.5235987755982988 1.829972474235337
0.5235987755982988 1.8341696588092713
0.5235987755982988 1.8383668433832054
0.5235987755982988 1.8425640279571398
0.5235987755982988 1.846761212531074
0.5235987755982988 1.8509583971050083
0.5235987755982988 1.8551555816789425
0.5235987755982988 1.8593527662528768
0.5235987755982988 1.863549950826811
0.5235987755982988 1.8677471354007453
0.5235987755982988 1.8719443199746795
0.5235987755982988 1.8761415045486138
0.5235987755982988 1.880338689122548
0.5235987755982988 1.8845358736964823
0.5235987755982988 1.8887330582704167
0.5235987755982988 1.8929302428443509
0.5235987755982988 1.8971274274182852
0.5235987755982988 1.9013246119922194
0.5235987755982988 1.9055217965661537
0.5235987755982988 1.9097189811400879
0.5235987755982988 1.9139161657140222
0.5235987755982988 1.9181133502879564
0.5235987755982988 1.9223105348618907
0.5235987755982988 1.9265077194358249
0.5235987755982988 1.9307049040097592
0.5235987755982988 1.9349020885836934
0.5235987755982988 1.9390992731576278
0.5235987755982988 1.943296457731562
0.5235987755982988 1.9474936423054963
0.5235987755982988 1.9516908268794304
0.5235987755982988 1.9558880114533648
0.5235987755982988 1.960085196027299
0.5235987755982988 1.9642823806012333
0.5235987755982988 1.9684795651751674
0.5235987755982988 1.9726767497491018
0.5235987755982988 1.9768739343230362
0.5235987755982988 1.9810711188969703
0.5235987755982988 1.9852683034709047
0.5235987755982988 1.9894654880448388
0.5235987755982988 1.9936626726187732
0.5235987755982988 1.9978598571927073
0.5235987755982988 2.0020570417666415
0.5235987755982988 2.006254226340576
0.5235987755982988 2.01045141091451
0.5235987755982988 2.0146485954884445
0.5235987755982988 2.0188457800623785
0.5235987755982988 2.023042964636313
0.5235987755982988 2.027240149210247
0.5235987755982988 2.0314373337841816
0.5235987755982988 2.0356345183581155
0.5235987755982988 2.03983170293205
0.5235987755982988 2.044028887505984
0.5235987755982988 2.0482260720799186
0.5235987755982988 2.0524232566538525
0.5235987755982988 2.056620441227787
0.5235987755982988 2.0608176258017212
0.5235987755982988 2.0650148103756556
0.5235987755982988 2.06921199494959
0.5235987755982988 2.073409179523524
0.5235987755982988 2.0776063640974582
0.5235987755982988 2.0818035486713926
0.5235987755982988 2.086000733245327
0.5235987755982988 2.090197917819261
0.5235987755982988 2.0943951023931953
