0.35783698556859445 2.501754993169043
0.43468150241813686 2.834798898665781
0.16909434000331094 1.1901330968753987
0.8410917483938418 1.1610507131725498
0.5451582561997633 0.8360556210183595
0.5001945565469637 2.751661283266473
0.8394639264071541 2.532761121759088
0.5065069375147822 0.1726538911237605
0.39451051467094345 1.841860572936957
0.33504647526252246 -2.6932643013596094
1.0030335853969634 -1.7236563098797926
0.17579247358741118 -2.9654685478399276
0.008929647379670471 2.412540430148802
0.36736810720755075 -2.4959834928936844
0.43907835099873127 2.173297810539178
0.9145188818118007 -2.4959428286117245
0.33585070565305963 0.34128559550677373
0.22769588500703886 -2.160519167578278
0.977508838036138 2.8408680411722305
0.09964230304185573 0.17638290322505268
0.341944679006057 3.0672811755941884
0.8417777167184427 2.0015366264091377
0.16734732908630198 -2.7678335620302312
0.9077832609375275 2.5011231298097205
0.9325038137206227 2.174130475370999
0.4247278612548351 2.833754291555405
0.5351183573601226 -3.1615934733008744
0.17354117833329744 -0.15673700953770764
0.7433103046443977 0.16753117636458212
0.501756591878819 0.7183983990953502
0.5912470195148941 1.8384118356026582
0.3381610698173251 2.1672377463962076
1.0086238637982352 -3.0834838385872043
0.842634295479682 -1.6521252177365182
0.5069986719864976 0.39569032207019816
0.8410831399902093 0.6821908479968664
0.3406315866601399 2.4047260041892544
0.006779926904741071 1.9310890834608436
0.5840678270121545 -2.1654740027427266
0.31011247095342387 0.8427478253978976
0.8630554083971224 -2.1641074291775153
0.33465106762376134 -1.8864748626902876
0.6493638553415129 -0.16305718177367476
0.26793927729186495 2.839333485403839
0.0002880125491040375 -0.2835898792496949
1.004579776320769 -3.0869437103136983
0.6106535636799275 -0.4944510264924183
0.5047884823514203 -0.5811167720383041
0.12288922910470246 2.1671823166563278
0.3355990216606327 -0.05105507757794525
0.0010208077016329764 1.5304111413956552
0.38140033149034624 -0.8287751886470832
0.3367938447926962 2.1986125270572376
0.6715810341196301 1.6643217347388335
0.8387689116897336 1.8245915981914633
0.6754976305175473 2.4371831704685105
0.5665540392502426 -2.1610466882696033
0.4638203665898821 1.1696897167299611
0.6529276331650561 0.8381776829086066
0.28878802574617446 -2.4972726995249785
0.5911431786459533 -2.1633909930104323
0.361021793466205 2.840066275097694
0.34308288535967 2.5031767677193937
0.5180656691817206 2.5042890982759514
0.336560841497247 2.8441855447262263
0.1725977263529385 0.4716601966387213
1.0069688514289277 -0.4483393240089808
0.5055480445148305 -2.494746615422111
0.6758650629468461 2.168781365241282
0.33397186873136375 0.36610541500639204
0.8349937031446879 1.9283558745589362
0.1739722322951865 0.008565650543516767
0.6773727794560097 -3.164151517291574
1.0087023736737528 -1.333885584783573
0.34152812669413324 0.19255949901350444
0.47241186823824666 3.166870509304823
0.8424265856809456 -0.2727432967002281
0.5076193656476622 0.9702974343972226
0.8404900370443805 -1.8934751253096316
0.8722286165750125 3.168946525248066
0.008324232785503006 -0.5068699392806812
0.0035809756286667694 2.488324025717616
0.17116549358935013 1.4400820334122004
0.1765562135847661 1.4817400903841937
0.1733980986947658 -2.472245495608788
0.6660744278963128 -0.8306274897161631
0.10941748470053869 0.5091689977914118
0.0011972380742888821 -1.3902283096975945
0.6699449171229654 -2.825703812806468
0.5054056104125739 1.1110635417377805
0.1708935122517593 2.508000424929916
0.0023282136968319667 1.586119408721177
0.006135616447829987 0.42287954950313056
0.16878536864179497 2.181017025232916
0.17522390977888264 -2.7977346174814812
0.8424978379568846 1.4422374530828712
0.502462447408379 1.4133530333676019
0.8009503434962518 3.503270567389177
1.006954036789169 2.3450186447739485
0.5094652249543643 0.7106001593000917
0.1749728538475064 -0.8856411549204437
0.3589601085697036 1.169897456562081
0.5034106793798828 -2.3116567619881154
0.50323502255321 2.8840733093400193
0.6761740584286756 -1.1459158822189703
0.6689056608999171 -0.3967240467583881
1.0065257858217707 1.502353408617969
0.5693911566694949 -2.1635855166580114
0.8427078285417132 2.6653934035962488
0.24451857893027007 -0.16318959797519053
0.9797891401844281 -3.1600336775753695
0.1667014210862188 -1.0438683737703012
0.0022425465046132386 2.4149351290793817
0.838220660983534 2.109654122619915
0.9338899883727786 1.5058654476812388
0.49551310082462774 0.17242429490250907
0.8427985878527152 2.2524171620998503
1.0011353093253965 0.6601605209651176
0.32109893830466074 1.1669609884439371
0.022714928429472647 -3.156747458975186
0.1723421985971766 2.168575712332544
0.7042187323759096 -0.49482002005074455
1.0058960041406957 -0.20473063458310747
0.6052958713623833 3.5027206869174714
0.5883898776274639 -0.49617833752327145
0.6740028245466256 1.838708525309755
0.5097875591777025 -0.06175797824310658
0.4728699489870374 -0.49108756770489215
0.16671874536090564 1.1363691775156664
0.11912535833305893 -1.1570464255096267
0.8429183065835244 2.0323331092631562
0.001272965537164169 -2.166714556728552
0.3387050311505682 1.738637724676341
0.3391253643298836 1.1548233408507613
0.2543287102108652 1.1714035187387415
0.5887685325415649 1.506925295749533
0.0025716460283474064 -0.5543589956322355
1.0070349897515065 -0.20757462894299517
0.22610874466330044 -1.162249809331889
0.8423459651470844 2.6524334015821713
0.16866260803878408 -0.06014380958744736
0.8404373779476617 1.9695197531259794
1.001030135323684 1.7139515970791752
0.3047663093339946 0.17663084104592625
0.1714727186322032 3.040721577719564
0.8405843222127038 1.6615713761205324
0.07398944729467094 -2.4961773276627666
0.7664739888063169 -0.15739855077236034
0.8403278829376499 -1.300546777628106
0.008822645579313306 -2.5031496646398637
0.4441097142284901 -3.1613434947818853
0.7946836149132646 0.16714961775790513
0.006676199654638082 -0.7826139293109682
0.0783186790416266 1.1739698981323876
0.5773851978922786 0.5084809297314823
0.351026718896845 1.8405170347129323
0.16948503673345713 2.5449202469818406
0.28667861527688765 2.167765431670386
0.005896810705034814 -0.7938798837302183
0.14432864249363964 -2.1630396399464433
0.17363461532552385 3.1098347995228446
0.17604979113884575 -0.25996540822023073
0.3379511801199408 0.636385270083716
0.006660320445735697 1.5754476681550704
0.8432498854762295 -2.604436669948215
1.0071611328093155 -0.2840226954519367
1.0001346614526836 0.9667490918748847
0.007812068311057498 -0.8706578221788379
0.0013258151815165676 -0.49388615858853235
0.7378662010449413 1.836814767490155
0.6923563490646882 -0.49044899597866976
0.6690933707630206 -2.308963816442695
0.1825711550924577 0.1706629680274382
0.33751396572946396 -0.6236126693536685
0.3597239600213167 2.5030793013242216
0.6735994707246802 1.7697327398703875
0.17504916752476246 0.3143258592014764
1.005420059331775 -1.308175437191905
1.0090949152873125 -0.2887271247798626
0.5072659493332001 -0.6158325420055415
0.4954530476412309 0.8394921069348292
0.7380677245292747 2.502650172123564
0.6751986705564682 1.8569890555583202
0.1739713044373038 -0.4985649851978284
0.17108980487851122 1.842280464326966
0.9588548810539161 -2.829860967826201
0.8352282290773534 -0.4963919196221811
0.7131448533281701 0.1726620685942023
0.567155525554817 1.84188733277353
0.14707991642627816 -2.8306730297941822
0.171133614451635 2.4234251245299374
0.5020971323167494 -1.0266270965356652
1.009522243866767 1.1460171168576645
0.17457425620586867 1.5353819776439392
1.00449944486484 2.9388532907042304
0.7142018313711467 0.5064097363523365
0.21419719833567186 0.8363912464045234
0.8534490619344355 3.5051885040205497
0.1745177226285881 -2.0449553297581256
0.00034014406260648555 -1.2756772629478141
0.336917101429536 -2.3459557299604388
0.9388964681409718 1.1715288981365637
0.17145304949331802 -0.7714063935930473
0.6762654452381616 -1.714345924908267
0.5063597086306915 1.439140359243214
0.6695503508021552 -1.943716703591396
0.18324480614375582 -1.4929061031763524
0.9807612272221577 -0.826594141628519
0.021587002869113525 0.5009995050903354
0.33940206833104253 -2.3429952820561413
0.05044066747036835 1.8420525492738025
0.9944620043382875 -1.8270538846756372
0.8943214509857249 -0.49873309820689804
0.8388444077569716 -2.8995378554726416
0.004188162662894858 1.7590892924777686
0.5035084441773566 0.7783133819823291
0.3385258838691331 -1.1982192641860243
0.16722005666604609 -2.2742785345379084
0.8376583952837132 2.4829787903077367
0.5811563052073742 -0.16193297824578454
0.2958109092788822 -1.1651843642872952
0.5796283417623888 -0.49467743155205185
0.5391799486636273 0.836215877239856
0.004580361176850159 -2.2299791655688534
0.008025089829884691 -0.9905476213163222
0.3051068932008315 -0.16140914027758052
1.002492077038121 -2.257713166219652
0.17494241652822617 2.4334973371678146
1.0059607661731351 -1.5689394543873836
0.5056809319411727 0.8106662227688863
0.34296123152080626 1.305550239390783
0.17185472118354914 2.243883545617927
0.6899371030290662 2.841965473742539
0.5098245277996388 2.1842859086405895
0.5076252480544348 -3.158399326531428
1.0069112049249593 2.700280607206686
0.004016065517807055 1.6849776756756887
0.8517348907662842 -1.49274264420174
0.27967311479931356 0.5082840292259473
0.5005623099715102 1.8861758960641186
0.3345135275024673 -0.4915316717819418
0.013520488998534419 -0.16618143632288523
0.8350731405950269 -2.1842539378356465
0.5160878971790005 2.502664308416927
0.0014856448275026625 -2.099093160084375
0.10063562984745977 -0.49972601975046704
0.615989581780637 2.5034407804232557
0.5036001818834333 -0.9687697523484768
0.1750162419219971 -0.44142355628003305
0.19459161108325385 -0.15847804040390814
0.17055371653545692 1.8334218319837214
0.33988947721228274 -2.7831308637182
0.26079334468772675 -2.162388185147124
0.16893752648631502 -3.025577931292586
0.9554860010876666 1.1681418520558184
0.20282961083901918 -2.494448587490784
0.4630862609690345 0.8350031771124635
0.09798939510256333 0.5003694142228882
0.6060706517404757 1.5000652924817612
0.9080887360659528 -1.4983685683219847
0.14840640268600802 2.5076556450141116
0.1684881089988719 0.17075670539047227
0.26762039603005805 1.1733020113644308
0.8213354566142594 -2.8321399024941853
0.1672433604573932 -0.9070058131842065
0.008530741043891697 0.56679175495906
0.6714452171692488 -0.8485990654641729
0.4539094030342009 3.1687029712929675
0.5013109216557539 2.66787178644124
0.37489441033464144 2.1759557472774826
0.19240109579848075 2.1746696692157066
0.9320235887603837 0.838929557611644
0.9745122657199795 -2.8303928789221575
0.6859354951687294 3.5094867220854704
0.0022329871372936093 -0.05603511111851711
0.34282997453918207 -0.7842299567834137
0.672891931723667 2.8057335421094445
0.23163466682980516 -1.1618710418705858
0.9022846060403091 0.5012250268923295
1.0068878667424277 2.721578703578066
0.7744855267242287 0.5077104221563755
1.0060274263155602 0.1561928883905006
0.8231097782796377 2.8344336219632016
0.006135116574507517 0.48012487027029715
0.5453923220089363 0.5066019240427799
0.0001061994883727635 1.718775672474366
0.005600365546704014 1.4796287360850942
0.6681245255736736 -2.9704810923176783
0.012332865155854189 1.1721290876580197
0.5061050432695545 2.5462261858600153
0.6703549515690864 -0.08616998918106633
0.5994604643223187 1.168496830419713
0.6749957532304227 1.4768383871130162
1.001921892285419 -1.11380708911169
0.3253311298850674 -3.160648875261393
0.05535906296548965 1.8354033176023783
1.0094908603998833 -1.9150044138643643
0.5435780823606355 -1.4909385430442783
0.36393765166781267 -2.4994205235923004
0.4309298371506418 -1.4917384693263827
0.17563473765840562 -0.06388608360942438
0.05124618408039727 -0.8261501107168036
0.9042829676477729 -2.492942479414996
0.46795551593375684 0.5084055865169776
0.5652788471714384 0.5075945170020233
0.5067513361616309 1.3291113887852957
0.34321099427458474 0.17343530399036178
0.5007164300817156 1.0451689732141745
0.9569147449927494 -3.159991728020613
0.8389092946751877 2.198576709185799
0.1722339884534691 1.4517683288230758
0.34025844943947436 1.3086202657755557
0.38038111075310876 -2.8266314094473577
0.16781599896915556 -1.668579463418889
0.8049373249964378 -0.16661593071924588
0.4233501503857945 -1.159363770853434
0.9310432321869135 3.509179567119096
0.6675665882919463 -0.4772374980616565
0.5028156289580192 1.7877911800073658
0.8584474533270418 0.833961656426776
0.17187035175528093 2.2828254174201446
0.2615583660177676 3.175350054002873
0.8334301803798746 -3.114357856346577
1.0026504891145582 -1.1074816351873142
0.6180949740851913 -2.823803818447512
0.8357070976070876 2.5926205398454494
0.021377989956232857 0.8399315021723519
0.45630284488791184 0.16918547807640738
0.7134172381417992 1.8418581140179415
0.5080495045813089 -0.7503910754702541
0.5071016586653807 -2.981533110482604
0.33670195537646846 -0.2556313027621435
0.5065986010069996 -0.8272114322607194
0.5810735134075038 2.1765136531245424
1.0018166886399755 2.5139656618353996
1.000009825632587 0.1667641545145151
0.018811201509818742 3.1703936748197186
0.9836148286841914 1.5076095567557832
0.33770711794918007 2.1473610836599706
0.25419675549295373 -1.165117696612533
1.0009485756341123 -2.3670715893323173
0.5660660952295257 1.167909911027984
1.002082095125788 2.196278702976908
0.670185571334805 0.9753269890488196
0.4886964458049682 -3.16445252293284
0.5399876952677587 2.5018375065321137
0.11716404374046496 -0.49857031661598544
0.6148354095678081 -1.1606054854584753
0.5240432358715785 -2.830221722345433
0.1669845743178534 -2.0813409925254445
0.8419364312611576 -1.9223072023234133
0.004092996655406363 2.2795504419628285
0.49066108138721454 1.8385748882951654
0.10495858630302646 -3.1610435176396563
0.617233077286862 2.5027332706561576
0.670814619210291 -0.3164929595951187
0.48152627721821173 -2.1626340582580887
0.670576151721895 -1.977632597915583
0.8341792212167292 -0.942588868553266
0.4781042002782956 -0.8309950696940315
0.9202369386866617 -2.8309886479689252
0.17634721909319934 2.010397222073059
0.8570334814710521 -1.164745489025576
0.6762132232118256 3.1678629154011095
0.17246703301391167 0.6614243168120417
0.007780134959093678 2.141263906777911
0.00036742121228168777 1.5559328263414232
0.3341888219423913 -2.121601349195127
0.0008964429164714882 -2.9612998553448784
0.2775578293085563 -2.492626900840634
0.23915056611389363 -2.825248165672293
0.10333129592597312 0.8348914414419839
0.5279303656423152 2.8392450093901185
0.5983833246283691 1.1678492401322162
0.005341684558273199 0.33827947354912924
0.6160609778957294 2.170558349622752
0.5014783842503188 -2.7735381928570026
0.004869441738519454 -1.239249045606453
0.8014410561253522 -3.164020000282384
0.8399164824309805 -1.9201128315215996
0.048369760291222086 1.8374140218247006
0.003355800289489014 2.2735647795345892
0.1213351545154081 -0.8308514162643107
1.0099099294077747 -2.866176719731254
0.11351961935834898 0.5030359249357326
0.8001547224321466 3.174355472308797
0.16556575729108713 3.1670660014779015
0.31030933028018504 -0.16339430375308608
0.5008698081872542 0.4427635410296977
0.6686196157390984 -0.9270649264161706
0.8339615562399348 1.4021887676185072
0.20792694443705617 -0.8272247069501449
0.1784833052926985 -1.8326948781408603
0.6715057606434313 -2.5091437349933265
1.0086569304098698 3.0318936318328413
0.5074363753106342 -2.354174163266086
0.8493656727805511 0.5047067312845499
0.0032257439701447177 -2.6625785225356724
0.4881756457309544 1.5056163314504227
0.33537668626551487 -0.1133346388703953
0.6089633775544804 1.505469083514741
0.5131168881133576 2.5021563139496337
0.5091624468321048 -1.9405001589005704
0.33414482370820486 -1.4512334567105452
0.14391163121798933 1.8401372140067052
0.5005661191533388 -0.858673055226872
0.907497954800067 0.1760437993273411
0.17124766692579646 -0.15106434040678574
1.003628360720735 3.0053258664829965
0.38285839060025195 2.5083058446173307
0.6752895538726384 -2.451028282075815
0.340172988761052 -1.634967862768263
0.6650087081570769 -1.4955706767091996
0.17073786088173626 0.16085378282429685
0.4259857411049742 -1.1640443667013096
0.5026738895196341 2.0625061292752926
0.6019915292356275 1.8399988116085348
0.9868642776072356 -0.4968629075100728
0.14568024627029086 0.5048065408082969
0.6705311827716892 -0.608380991682917
0.28024123147191726 -0.4986418290984031
0.1726351549193954 -0.4967808900851469
0.0018703642967587387 -0.4102387094001734
0.824389694798619 -2.496080492641189
0.503911706404867 -0.1252220958366972
0.5196740773342385 2.167856406103702
0.8386269364985298 2.150942021003698
0.8427558197440812 0.6769654159661891
0.9490642294870646 -1.492280302217241
0.6723656178551052 1.835673820115325
0.4414026977112735 -1.4937396977948973
1.0024964506284677 -1.9576360452248411
0.002096938926898576 -0.7660945443068887
0.172091090826611 -1.8265461648887336
0.4615755296334463 -3.1631471067734123
0.967642208363943 -3.157053327095958
0.34431668106280744 0.8427579578822081
0.3854727291832123 -1.4922362669509444
0.26930367083615836 -0.16340796046394576
0.30015211128854313 3.50944897751744
0.45231717372456237 -0.8295717458405167
0.08815666365809482 -3.165356200431671
0.42769373957360957 -0.15939086996747834
0.6787242711158487 -0.4975065628771587
0.4232661207590519 -3.1617283766276674
0.8484560366587739 -0.4998874967820768
0.8632375052886048 1.172108017924985
0.5010427633256397 -1.3409488132268101
0.03782930954608821 2.171034161520568
0.5912204636081294 0.8406808440222044
0.7410286517781329 -0.8249987001719203
0.8310707794635359 2.837021678372376
0.3521026640707601 -0.49483303576896825
0.6731758563075602 0.08643615313406627
0.662631774498418 0.5057712686395777
0.8427963717268016 1.2649711085418902
0.9155723967291781 -2.1611246430668256
0.835027229741352 -0.4943421835065549
0.9476483711815392 -1.4995370053219295
0.8343009353796478 -1.250346961311184
0.47811100500382586 -1.8295140125635814
0.843075148462396 2.0962581632145536
0.4132282094584738 2.17344336457966
0.5794444740778582 1.8409798268679944
0.43477598343271107 -2.4973301987898204
0.3398426824173194 -1.027008278672322
0.27311945905132184 -1.495587766884555
0.3392079467612847 0.0741890525160982
0.5050245803431002 -0.8036913650126656
0.7487264579903891 3.5022531140031505
0.7528209726168624 2.8376996363954214
0.5978900624873547 1.8402260100899765
0.8356391668436565 2.5042283353777695
0.48505799575539 3.5085801741098006
0.5097782999641562 -2.5830832808729616
0.003987698505457693 -0.35673044991289293
0.5992842299749798 2.173938481487039
0.1671379095859319 0.19774919579903827
1.003850660239748 -1.2970933801864553
0.8161345022437697 -2.8273194943252062
0.7268513960840837 1.84252136069881
0.5002675071680366 -1.9563915068316853
0.7568773773173505 0.16983731187256285
0.3419228810436205 -1.6067473073120087
0.16904894534180498 0.5292266418481559
0.43741764429347163 2.5086447866464203
0.16194508685476627 0.5042945017800902
1.0090461996923212 -2.6736383824677517
0.2498062502846794 -1.4948174301805381
0.670546441273871 2.200880798755641
0.8480852722873379 -1.8325151001136906
0.4901241912600882 0.839727596946227
0.003415365194620216 -2.9192869234090644
1.0001204328613202 -2.9927340663394384
0.351691364914718 -1.4992743263765058
0.27353406170739725 2.8409702867047866
0.5034189611912042 -0.9694785983267211
0.6046279247256202 2.1760481732879313
0.15716732800139788 -1.4921644835736063
0.3417829689823152 -1.7277007131265303
1.0026276450850484 -1.1675219660411524
0.5510311526419752 -3.1584660604846335
0.8707155922975712 -1.4996744753809093
0.9751728782181315 -2.4943027313252837
0.22691226399714903 0.16817097652115048
0.11278040831066816 -1.4977586221373258
0.3506410795515015 2.1727719286620477
0.8354430903106018 -3.0175658132948042
0.8424886730180421 1.6360524394248044
0.8691067324169077 0.5032983113119331
1.0055009746463244 1.6399040927968374
0.3753729126869215 3.501257134308165
0.23078411130628151 1.8344354200286457
0.17607861546231005 1.1066969041939272
0.1678821899182153 -0.7653329425414972
0.6690354009907081 -2.1275775030237627
0.3342702283584818 1.311085226414746
0.17115181769145948 -0.2974678437182794
0.8807078111588481 2.834026869125709
0.8557902493698633 -0.8242314570057039
0.17476926295694903 -1.8886596595749867
0.6881304314905301 3.1699199064208674
0.5613553149397427 -2.830391902464363
0.6720002320799663 -2.86082480171768
0.6268351211961363 1.838783473391308
0.2318478904404968 0.17471636656178724
0.6762915484868158 -0.863493003183339
0.6972753520533067 -3.157275140410713
0.17196683710450653 0.6268151312467354
0.08918849258957984 2.502962686628691
1.001939375205353 -1.2464109833366395
0.5086660140913934 -2.22856632240635
0.009880278566618933 2.3038650388975768
0.339406567425748 -2.24457291949671
0.7235770062940087 2.8355035898772054
0.15907998429645498 3.1732017980066987
0.3263463320279315 -3.1599067040016573
0.709856735922174 3.502095905786721
0.7003522119995669 -1.832466103332335
0.05741081387024127 3.50129331235926
0.1762378573203811 0.29207906666718664
0.008738139761054312 -1.535286905863063
0.5396914865109912 0.8342316903459853
0.3277278957706635 -1.1634947918560246
0.5061415237515708 -0.1487720629782272
0.008277627102301186 2.5073377345882424
0.8361055184297174 0.7214154714197591
1.004731295761488 1.5166434458369755
1.0009388508288084 0.15228791834090893
0.6434905590690253 -3.1585229165255053
0.17484055193174614 -1.2203652133931466
0.851932437176349 -0.8299214054469818
0.6712538710805036 0.5823555788274644
0.6746202800636308 -0.9555880279552214
1.0016610543481421 -0.13998870169531852
0.0052742427687685264 -1.5340431959866503
0.340620342960997 -1.1780988130147556
0.007952225563791772 0.7737647363840439
0.17367483516341714 -2.7652824731090986
0.26518711392245164 3.50018713862921
0.003105585618705442 0.1762086257147993
1.008767727378719 -1.93308077537067
0.5027267963845626 2.46497231834584
0.05283474117003428 2.8421696212427348
1.005900215749674 1.5932467942082456
0.2559873350569768 1.1690571100898979
0.6803583376831841 -0.4927391354267645
0.009687930077878304 3.0312167868803686
0.009646969535464556 -1.9441573517204715
0.17399135820093797 0.6076385507751105
0.6158900891768146 -2.15996114552184
0.46016103550929144 0.5046977549404081
0.0011281718710944866 -0.0419901534980518
0.5114295169086688 3.1685341740926654
0.6695988487221647 2.8960850407785843
0.07233664070594559 -3.158556983954569
0.333432028189557 -2.609551980640977
0.3409339035290991 1.4986465835135476
0.5040912230924541 2.016202874606356
0.7874287117613177 0.8335566100992496
0.5020710090995804 -1.648755162414102
0.008604984076984823 0.6279932378174622
0.6440193658021398 -2.4932502418308804
1.003576716183478 0.7266354719545522
0.3428115157214862 -1.960607979883024
0.35973604838111095 1.8333535370224925
0.8543171122434076 3.5061136769644543
0.6681694791829853 0.36685071963219684
0.00993049226369742 0.03865425117429977
0.7442211523979403 -0.824943988854314
0.6694589888409589 -2.312208577738205
0.0028277975369174393 1.6428555257955715
0.003113098182150951 3.009520991066444
0.16742456968992278 -2.6913364900673677
0.17153967959029168 -1.4505645117184334
0.1704308086583292 -3.1076152488077895
0.867954195396836 0.17378751807906398
0.0013210185376267604 -1.4197460654386862
0.07229057325599475 -0.4904063543351901
0.17214364286334302 -0.7531976156299236
1.0081756358591845 -2.689940123629703
0.16853646629525168 1.4508217398782284
0.8344964271500737 2.638904685306671
0.4331663124741679 -0.8331167749227338
0.8373352065672145 -0.6772159609001607
0.34186435782287117 -1.9511010450291448
0.9608563380691783 0.8426850682093985
0.6045285096029661 3.504192491139813
0.835585660619923 -1.7611457992528756
0.3749059084748717 2.8363121223057766
0.89813489263754 2.1703333455338107
0.8376146613835396 1.5029525072703382
0.7847793795675752 -1.4969960706391465
0.3353562945295766 -1.1025449616421032
0.04224498647476849 -1.4900630061112468
0.16365633299105387 1.171340210045342
0.460079615742379 2.500501959935152
0.08270246330411646 -1.4920705400508232
0.0076363223272235305 1.3574636799883777
0.9429402430267182 1.5028995407896275
1.0097847732669318 -0.5946783955103285
0.16110527241170425 1.168729503446046
0.671928431505792 -1.801579815357638
0.5041561124627286 2.6263901921741786
0.852217600865725 3.5019357253425514
0.3380441737842306 1.0773308811814228
0.008545747260777746 -1.8849338100628803
1.0001885457989934 -3.1239986440153507
1.0085244309535533 0.5449897290933134
0.6149399177059722 -2.1631264590155297
0.005544236245289325 3.5036329317971795
0.17389380466075546 0.9750883647866022
1.0047763678811534 1.2213735690517584
0.006396643337237919 0.5202557571806699
0.5092490678528363 -0.0752274185290891
0.3139300998473262 -3.158688954370793
1.0021038727515705 1.0920528857404097
0.2609069881963695 1.1667632153810163
0.5003695796076807 1.3050067460507266
0.028322361133223062 0.8348253564450957
0.5044799337707015 -2.4440197958547243
0.8318054477264192 -2.8272342310542045
0.8412873174717711 0.9718712492015387
0.4831090204917995 -2.4977510493302097
0.2496549074608979 3.5095442990559187
0.8370297694312931 0.18781440059230947
0.1710261936340039 2.6666644372393273
0.7216040881155821 2.176219536549475
0.5491514812502281 2.5034474624929994
0.2296006037068773 -0.8253512122775186
0.6720260286683702 0.8784071633133141
0.3348723073395848 -1.458080218258149
0.5072960711082115 -2.7060953351724324
0.7415916218761682 -0.1569740883285969
0.5021164004276847 -1.077348346676834
0.6933509434410359 -0.8309159579967264
0.4897803282140536 -3.157312414639107
0.0055076861304232125 2.8784308716848317
0.0012318070806772996 -2.77739215194451
1.0053999455925886 3.0322417527782264
0.48906822020683405 0.17493696464350128
0.8345722740875378 0.5563824301820275
0.8366377300860995 0.23997809413319038
0.16777042227078764 -0.2845752032578295
1.0061532442841887 -1.8828159680127199
0.07780435326874569 -2.833325627721431
0.5076151166162408 -0.6625797073011763
0.17621511297631973 -0.8388001220458143
0.3380392126250751 2.393847526122684
0.6674073310720358 -1.7324321649986274
0.8350176284316103 -2.138059529702907
0.842333769407009 1.2757481316471537
0.266859564517511 2.171371231627907
0.9800837497418017 1.8429347887062062
1.0098496861515722 0.025201964324904846
0.008275862991253628 3.003039283019797
0.33955403241466303 -1.4702318884109167
0.17244318041153542 -1.1995003111451963
0.28778166915505443 -1.4937249958771583
0.17660379312679061 0.9201848731245184
1.0003146027277843 -2.938409713699618
0.8381963109779146 0.6881013465873114
1.000020549384223 -1.7069960634975352
0.38162890344890044 -2.1570946794174395
0.09373584081580177 3.174160046692725
0.33932495600767226 0.6392340519738453
0.3369370313255169 -1.382900417223375
0.005014652513022691 -3.030307293835655
0.6707832931686875 0.5698310360326029
0.8366013412297536 0.6777968833656858
0.6755762765864473 -0.963665950181479
0.7504446189593519 2.835070799446891
0.24266601182898984 -2.828427827741102
0.9903362724801984 -1.1662307677740678
0.3386009084114154 3.052036864593931
0.07564545940791478 -3.158593071178454
0.1761666985611484 0.9122063882398637
0.17664988167028964 -3.070047009848008
0.2076246044333202 -0.8236094804431986
0.5105970646881662 -2.4930782104614884
1.0089823044140946 2.9016848844951424
0.004852980582242372 -2.4920682882184777
0.5040398947060307 1.5250836190964945
0.577586545931063 0.5091156721260354
0.669612326943112 -0.0050654471979703075
0.04840135923078959 0.5078693256176949
0.34020974326050435 -1.7171249343869155
0.2567779650739759 -1.8278946973435886
0.8822257569191524 2.5067821153010343
0.0063574758435484624 2.3901008186712263
0.5637859339416542 -2.161261567460195
0.5037864488455853 -1.4878859473283927
0.3398965613311476 -0.28293219623570476
0.004062880827628971 2.2536081581608354
0.6729614164911238 -1.1400523054002525
0.1210783178828515 -2.4937843499659604
0.005698564981190938 0.9585032017612276
0.12998864521651987 0.17373459275815664
0.008840764237171606 -0.6981621955657022
0.9754862425422217 -0.15819018367510235
0.5026099586472693 -1.6191442749949632
0.7847803256755969 1.5025104227472603
0.5097435178654584 -1.4496450215876835
0.2269233321110944 -2.825925267399931
0.6703694379901562 -2.724739409757995
0.9486958658006461 1.501871319704468
0.8431800744793081 -2.340110560604426
0.5654641400021465 1.5006858754658061
0.24697430414445654 -1.1612982241091372
0.17198168718293877 1.6531066350462496
0.5554128712733065 -1.8269170455751689
0.006837682850921738 1.6985836865157875
0.3429795208284845 -0.33343901182720126
0.8409651037686928 0.511192997946468
0.20955222267985152 -1.1647399815029527
0.9543430933088676 -3.1655813880852017
0.3427883193376374 -2.0611245527400257
0.05108490378034136 0.16808315251678693
0.3377209108467812 -1.89575438336093
0.003824260247737318 2.6452732983222855
0.6680029408236585 2.4568925819651852
0.9420952395695146 -2.8237969222449046
0.5798242482013709 -0.4927507531452812
0.6971234055909511 2.838963109875899
0.8001163558631651 3.5024185191248787
1.007117027582787 -0.09415131291719891
0.6692637699010756 -1.803578310953242
0.8429816448632511 1.8347076601677799
0.005290779329533257 0.16982177764409817
0.8855306966411259 2.8402734222060877
0.2841556546643066 -2.831431384372919
1.008609019995178 -0.4234925937329126
0.26749362140188004 -2.163620804498844
0.4055371967178121 -0.825266078016766
0.024724731500816666 -2.8252754678548935
0.04040558212351697 0.8381105740031202
0.4177833450296965 -0.8250399739695875
0.843128658875256 -0.04583706611208438
0.7322888542668496 -2.825129572551861
0.3363175982149666 -0.008041236673008267
0.3374701552121381 -1.032352505234753
0.016668786654773893 0.5007317176919581
0.16853358247116643 -2.9065639803946244
0.2571077748699707 0.8359605239457707
0.5623114391317637 0.17013350156435939
0.213306844319477 -1.158926896285809
0.6434177359114451 -0.4928928226762056
0.7011175969318518 -1.1638541781315084
0.17536625073020498 -1.3750298975822062
0.5089412254564947 -1.7346342054230868
0.8726966057776352 1.5063710804386905
0.5984902197601941 -1.8304830202514841
1.002424042692049 2.8226297964419915
0.5028363037265413 -0.23838040989178344
0.5025991105781972 -1.7181422852180237
0.5000342586221243 -0.7924126769625266
0.794157081249829 2.500245587810919
0.838604486520076 2.7063997445557133
0.40741257627979677 1.5010650585011043
0.3413779695887095 1.5937343581584082
0.33342534620293274 -1.6170563588909144
0.5098606308908982 -2.2918711559022333
0.3387617377063231 -1.4259821724819712
0.009612041167306297 -0.6171054864108649
0.6714465160135334 1.7181599542375565
0.3361186446806316 2.4200565553536952
0.8590515648627984 3.1731710684645966
0.00015376707038183168 -1.7818563719064309
0.0710221977839468 -3.165210340285981
0.9769582481207563 -3.1648786561998845
0.174445285392272 -1.1642134846622958
0.097822666581445 1.1713063869920826
0.8853321546637823 1.1755192687696352
0.34302900155749244 -0.4154441929146446
0.6405413494336303 0.8403033783861847
0.7763745074414968 -0.8317963748449154
0.5062389905428595 2.6544335479682495
0.4539492882968079 -0.16323055531637906
0.5094979331959982 0.7985470334994256
0.9723098221880059 -0.16194971898455332
0.12780325524952596 3.508137492714655
0.1895425995001967 3.1724851369060807
0.33701902488279045 -1.8718378411808874
0.0031421416504457712 2.7615423949749554
0.003417390054575924 -1.793995118121632
0.838093730742631 1.4533174245983576
0.3395809239801209 0.8682317005974927
0.5075350834705062 -0.574530686736578
0.6748552597722735 -0.9361844926410714
0.17121406244658374 1.0952299431177783
0.544357272158647 -2.1650004898640454
0.008829968096035435 1.488169302711583
0.170540378177516 0.1744258974746379
0.16875202402900918 -0.7173317097511873
0.17514578712658327 1.0875954710297444
0.6725863473111542 -2.8269560966975393
0.5010042028011629 3.0147379931264133
0.004005223265361736 -2.1186812603388
0.7445686125365154 -2.8292889008029496
0.07746700018850583 -0.8241304858265732
0.01541381714026302 2.168258714392256
0.8368761360687073 0.0866539471125285
0.04231197048336688 2.8342982792902167
0.6684670739400089 -2.683791537954197
1.0002806271991482 -0.17730429164519368
0.36413711343182675 1.5012256865060623
0.6716460689617741 2.160062584850497
0.927157331694624 1.8408447133046024
0.340286954072009 -0.8790515689595466
0.5407476968639676 -1.492171664753876
0.3415783195416911 2.420497212382621
0.5054517796776176 -2.816881979828264
1.0016992376838656 0.4615881117295042
0.336896254865925 1.9033068471304144
0.3565691497485356 -0.49412057357920536
0.020494002924621335 3.1726395727906502
0.7259311395306094 0.5025249597450815
0.5011103231085259 -1.4341232935460158
0.3664745245486083 0.16847308980326295
0.8388236271058419 -0.21831024987511372
0.001661118556149638 2.631953212862169
0.3461822719470452 -2.8314915328206527
0.8374326906463182 1.5795735133368574
0.33842043421155266 -0.5467329351058998
0.45931083303937825 1.1714471492885599
0.835893085519714 2.5325393575111894
0.7964240306228142 0.8354981920638357
0.460691968243951 -1.8274371834271703
0.9732628963323857 0.8424487892342183
0.8674016380894999 -2.1571743527266847
0.558828739727529 -1.8262702484713889
0.3426791759200645 -2.031112385036021
0.33958602438934404 2.793948463116404
0.5027278328215723 1.6301076115012902
0.17858192456591193 1.5094973585677616
0.8165307683450982 1.1702214562730862
1.00065280167691 0.5723806563019731
1.003719736412029 -1.2469652036374668
0.22784310748403325 -1.165730959455403
0.9283619051776397 2.834635912968427
0.5085415744208271 0.8563284138578302
0.33956836080228375 -0.19204454479525834
0.7243900102805982 -0.8304808913415223
0.6824685753565546 1.8373492727713394
0.43981340854184825 2.1703876521224212
0.5762810108479004 0.8359544366315727
0.3222296723747302 3.5050195434453486
0.596514033105834 0.5053634032318749
0.17486796751092287 1.4534293483840521
0.1702862597704397 -1.3862537921071858
0.757569867054078 0.8353434309062356
0.7042610180724626 -2.831097076064165
0.6713745516955955 1.9617350934410336
0.42961152824778936 1.504319741374406
0.5702155927748804 -0.16076041642064787
1.0055728179542898 -1.2074586689494469
0.8336117269621388 1.3544647107195438
0.3938562280928821 -1.499992793729479
0.5264335001790522 -2.493324644191448
0.16677712906397194 1.6664176765484342
0.0054428127597438095 -3.062503194917586
0.508853003286717 1.1736464414962313
1.002305494688518 -2.2739243867698473
1.0017086873512258 2.0738891722601664
1.000376370578601 -0.6476075784969195
0.034136673655728256 0.5056180048972296
0.44251675229930165 -2.1652535076118204
0.7186138467097165 0.17104863706958376
0.7507024433946768 -2.157312452250735
0.36612578851510047 -2.8272072604687204
0.17200763919791243 0.4414347777910135
0.00427131654981877 2.060395669883423
0.3433112741207121 -2.9701337349877486
0.8507572984552562 -0.4943995315881951
0.014810394945426686 -3.1595871963892783
1.0023789813836326 -0.5208863664222982
0.7595248036068496 -1.832004239393068
0.00770131418196636 -1.8410165934056448
0.17276969846598958 1.9461354253323462
0.13512556811944665 -0.4928464103725741
0.43541186853891567 -1.4998960176924323
0.9163025404648065 3.1713784370365863
0.3012186430568047 0.17419514668297975
0.8403392725679956 -2.337938556926865
0.8418506837471083 -1.7780747479203898
0.0036893076539198256 -0.001977486706132847
0.8374604369602096 1.1981329124038567
0.15100097672492963 2.5057003828712356
0.3722260869575761 -3.165347044547936
0.9719962499151805 -0.15941752124787328
0.9297709167605714 -1.1648280933311068
0.0009220084173257759 -0.1423496981761012
0.8333449499271615 -2.186791333854094
0.17005089327942943 -0.4897373073154392
0.16967703144441093 0.9347789785658129
0.6280143567180617 2.1679259672481095
0.6723528448074585 0.56332158350645
0.14851335165382284 -0.4934382562555483
1.0089101053173126 0.16655706140207416
0.8396446400926554 -1.5750756535244537
0.5364394984687395 1.1716126253064778
0.3417398617641306 2.6487611601216017
0.05127817700441728 -1.4995195926774216
0.16913714796855828 -2.269726181301073
0.5048997616966199 2.43107875425578
0.8917053795179509 -1.8265970430977883
0.6669637703184552 -1.9895340148124574
0.41217743730046996 -2.1632561755997677
0.1709343208754743 -1.9591109328562868
1.0044863751537987 0.6405849311881937
0.3057509513424559 -1.8324223810803653
0.5050674483645591 2.549950620091204
0.8408356323893555 -0.4137610240798888
0.6389475084884824 2.5052059038495043
0.28834941328819663 -2.1615933273024366
0.5063871594804634 -1.1995764517781098
0.14999868304993536 -0.49263052331380286
0.6724544178504293 2.6114992002275637
0.5029335971610341 1.1398110940831696
0.463182563806228 -1.1580233651573657
0.8352800088741436 -0.6026225731379644
0.0005054762703779259 -0.43074513591491703
1.0018698205816376 -2.740871138649948
0.1098132298111879 -0.15742847290790782
0.6035497822967615 -1.4971421333181252
0.7572951849183157 -1.1592294570868933
0.704694050398138 0.5051393299898322
0.5016632816454184 -0.7886742913295435
1.008577406918649 -0.8497727129360442
0.8217954934040873 2.508077100278978
0.16947266758170143 -0.48738759333397796
0.7730303960894068 2.50549431697253
0.009846227370863542 -0.14082518228882934
0.9990861223778242 0.8432792789845279
0.3433213865450026 -0.12351035689288636
0.34066056827501445 -2.626614926846645
0.0014332712736593433 -1.9112177999698834
0.959407318041403 1.8394085283483634
0.16713194854732605 -2.5687959186972114
1.0012237804133306 -0.7449736807954119
0.834452344861318 -2.9720147335460196
0.5931208998129351 0.8400597921620673
0.17119864107761015 -1.1470856694433254
0.605761428689828 0.1686814480626575
1.004914186632105 0.7087120803243216
0.8356954650476942 2.4230135865432763
0.42318878599223075 -1.8304954868985206
0.5020922712004099 -0.16526162277393316
0.7953645352193959 2.842104197958711
0.6687703778629824 -1.2887225486918652
0.08175217110318989 -2.8282860948336865
0.7305775690786683 1.8380472502910736
0.22372148172140016 0.5022521709051169
0.4722074761290065 2.5026576225632344
0.163261504613184 0.1746409827424893
0.837243969852394 1.8130934728979797
0.48157226591843705 -1.8237426331007527
0.3333671296318928 1.8876619666425887
0.0003886339541290218 1.9901889488778766
0.8215444176934739 1.1682018340728064
0.48483538478939314 -1.8314201071415854
0.9154583801008257 3.506217465134154
0.336628738210522 -2.426019815116896
0.002325043322963182 2.5060379737692458
0.3381717427283949 0.3098184752440205
0.6668571251751964 2.040351491350769
0.5242142301180012 -2.164595587765478
0.6476288823244926 -0.15939769790687003
0.3382751816122322 -1.1215449478366097
1.002723278218072 -0.30379429283220016
0.25331621110939484 -1.492704171250962
0.6495870640454302 0.8387900513004651
0.8983370620679696 -1.824992761446594
0.6751660812899515 -1.032978637637906
0.4156877921252383 -1.8318621317531407
1.0024264196257497 1.1561490079107273
1.008200959162307 -1.5719738953863474
0.6742846673305651 -2.540760172753476
0.5066473424827435 3.176377030717806
0.7505267430437131 -0.16652853913637772
