0.7076857560101134 -2.5000180272841286
0.9149027436401979 -2.8333537642553464
0.1666678684856086 -3.061296929246365
0.3748211616202315 0.1666678684856086
0.8063095628293483 3.5000252381977806
0.8333393424280429 0.9541187085372691
0.3333357369712172 0.2255777023581742
0.6666714739424344 1.1082131878562667
0.8939721497680561 0.8333393424280429
0.1666678684856086 0.8521015149906122
0.6924696035870282 0.8333393424280429
0.6258672877308094 -1.5000108163704773
0.8333393424280429 1.8060502541564567
0.3191545295742161 -1.8333465533416946
0.5610573702062213 1.5000108163704773
0.6666714739424344 -0.2443772808165563
0.5000036054568259 -0.33441687311388657
0.4360895384689212 2.1666822903129117
0.028064125664144846 3.1666895012265632
0.15468724524831923 3.5000252381977806
1.0000072109136517 -1.429568902869342
0.3333357369712172 2.7059056258005203
0.5841224240658069 -1.5000108163704773
0.8333393424280429 1.666134726113703
1.0000072109136517 0.39329950477422004
0.6829933253862219 -1.5000108163704773
1.0000072109136517 0.4212108876435612
0.5905086960628197 -1.8333465533416946
0.1666678684856086 -2.7479389122977937
0.8333393424280429 0.38538410712259674
0.6666714739424344 -0.7630378801194073
0.1666678684856086 -0.28174774072695774
0.844625829849488 0.8333393424280429
1.0000072109136517 -3.069307519076319
0.51105384599593 -2.5000180272841286
0.1666678684856086 2.6096419868133127
0.3672779673450638 -2.1666822903129117
0.3333357369712172 -0.07593137728300192
0.04847971994251288 -1.8333465533416946
0.5074006853512953 2.5000180272841286
0.9537271828303395 -0.5000036054568259
0.0 -1.0373247391417695
0.5000036054568259 0.9631495818413107
0.0 0.9616210207196181
0.6989323698127043 0.8333393424280429
0.8901784858622516 1.1666750793992602
0.09180078395584912 0.5000036054568259
0.6043911434223195 -2.5000180272841286
0.1666678684856086 2.5994200461761423
0.6666714739424344 1.2352725857113391
0.7450989914528338 3.1666895012265632
0.9745261153923385 -1.5000108163704773
0.31568489604368233 2.1666822903129117
0.25685725334792553 0.5000036054568259
0.801971834978523 1.5000108163704773
0.40553390237541165 3.5000252381977806
0.47274851411593444 0.1666678684856086
0.6773840021917198 -0.8333393424280429
0.9657097426960425 3.5000252381977806
0.5000036054568259 -0.5082121759470182
0.3333357369712172 -1.8204360392538002
0.12394392221407868 -2.5000180272841286
0.6666714739424344 2.4473907669593187
0.8333393424280429 -2.1410251055837586
0.5000036054568259 2.2717271771210283
0.8204347766639419 2.8333537642553464
0.486313748584533 -1.1666750793992602
0.7022544147664879 -0.1666678684856086
0.5513870987355021 -0.8333393424280429
0.970540134643612 -0.5000036054568259
0.5000036054568259 -1.7990208398473673
0.9473036553631657 3.1666895012265632
0.6482375779244696 -2.8333537642553464
0.8335094949378462 0.5000036054568259
0.6177384768859843 2.8333537642553464
0.0 -0.9601798928052934
0.3333357369712172 -2.2831271550816723
1.0000072109136517 -0.7856178171096899
0.8333393424280429 -2.3141625695538197
0.18829471249344765 3.1666895012265632
1.0000072109136517 1.66163220705356
0.3333357369712172 1.051161158829105
1.0000072109136517 1.6812885254751206
0.8333393424280429 -1.165326574197404
0.07030700889707708 2.5000180272841286
0.1666678684856086 -2.6713052433550906
0.09506725793267723 3.5000252381977806
0.3333357369712172 -1.9725550120099502
1.0000072109136517 2.339545186111499
0.0 -1.3632388766851622
0.3333357369712172 0.11970199550483773
0.3333357369712172 1.0591816122042044
0.4548187459339563 2.1666822903129117
0.8333393424280429 -0.1443016800272594
0.5115001379901356 1.5000108163704773
0.0 0.9712670875843594
0.1666678684856086 2.150431617215202
0.1657535442775968 -0.1666678684856086
0.060058922831417005 0.5000036054568259
0.19722728869476125 -1.8333465533416946
0.3333357369712172 0.121288107950142
0.4586015195441664 2.5000180272841286
0.10534734526644196 -1.1666750793992602
0.0 0.8082133775152629
0.5526515890305584 -1.5000108163704773
0.6482791973674027 -0.5000036054568259
0.3333357369712172 -2.567690196856135
0.8333393424280429 1.9629677891826862
0.1666678684856086 1.0511629223765544
0.21228334069096866 3.1666895012265632
1.0000072109136517 -0.04594294817973843
0.62903731510696 -1.8333465533416946
0.17721393079197045 1.5000108163704773
0.0 0.9250454619313553
0.36987411553840444 1.1666750793992602
0.7244667084634929 -2.5000180272841286
1.0000072109136517 -0.2918720206286114
0.38203846429933075 0.1666678684856086
0.1666678684856086 2.6216138011885954
0.8533836065035709 2.1666822903129117
0.0 0.33707897491058114
0.6998346728772497 0.5000036054568259
0.0 -2.549099452299012
0.2539341118912858 1.5000108163704773
0.495941924388243 1.8333465533416946
0.9983757048796544 -2.1666822903129117
0.1666678684856086 0.9834187471295239
0.48528225789040946 -1.8333465533416946
0.2670035440499873 -1.1666750793992602
0.3333357369712172 2.202258649934495
0.1666678684856086 1.4811020691398733
1.0000072109136517 1.857569139310164
0.3333357369712172 -1.92625419975859
0.44414477642794203 0.1666678684856086
0.0 0.46911721426322917
0.3738594807307921 3.1666895012265632
0.7146815028175685 1.5000108163704773
0.8328737197528553 1.8333465533416946
0.8333393424280429 1.9832353203460586
1.0000072109136517 -1.8763951981896847
0.1666678684856086 1.8845265381799043
0.766565740891393 -2.1666822903129117
0.5050445135372321 0.8333393424280429
0.8333393424280429 0.2748461633439394
1.0000072109136517 2.439137590128129
0.5113870062568717 -0.5000036054568259
0.10799430508526398 -0.8333393424280429
0.6666714739424344 1.1260838592631073
1.0000072109136517 1.9732802659239468
0.40379174947570506 1.8333465533416946
0.21406345083119904 -0.8333393424280429
0.0 -0.637848505602951
0.7887940755053541 3.5000252381977806
0.005360334570883252 -2.8333537642553464
0.5000036054568259 1.6505279310702559
0.1666678684856086 2.7885696144070025
0.1666678684856086 -1.4541881698875316
0.5833235002465097 1.8333465533416946
1.0000072109136517 1.691530087826881
0.43866136758170227 -1.1666750793992602
0.8797679296420831 -1.5000108163704773
0.8333393424280429 0.05608800585028062
0.07160343284395798 -0.1666678684856086
0.13821058477689618 2.8333537642553464
0.17200088385101597 1.5000108163704773
0.04328938090098622 -0.8333393424280429
0.7212121205644939 -0.1666678684856086
0.8661708882878616 -2.5000180272841286
0.8886026255806566 -0.8333393424280429
0.5904271800816416 2.8333537642553464
0.0 -2.590058592658364
0.1666678684856086 -1.8710044046514918
0.23826992574821626 -2.5000180272841286
0.6733982622353043 -1.1666750793992602
0.45309206266890345 3.5000252381977806
0.08617796328861183 2.8333537642553464
0.5000036054568259 -1.035057162984196
0.5000036054568259 -0.49118591061241146
0.2652852792992687 -0.5000036054568259
0.6666714739424344 1.627516115362039
0.29475454505299026 -0.8333393424280429
0.1666678684856086 -3.025073022349701
0.1277574836484232 3.1666895012265632
0.009854674968045707 2.1666822903129117
0.5000036054568259 0.4831564613273813
0.2027009143446663 -1.1666750793992602
0.9537546458290104 2.5000180272841286
0.6666714739424344 3.131255807094294
0.5669123196137107 -2.5000180272841286
0.5000036054568259 -1.348143532513176
0.4395559391386352 -0.5000036054568259
0.49610698772799655 -2.1666822903129117
0.47678024332207214 2.5000180272841286
0.6666714739424344 0.2443259994554956
0.6325751187942402 -2.1666822903129117
0.8333393424280429 0.8728749133408886
1.0000072109136517 -0.9160498475515291
0.5000036054568259 2.7071647595682693
0.8765379914638588 2.5000180272841286
0.37892588294143326 -1.1666750793992602
0.5730978789226696 3.5000252381977806
1.0000072109136517 -0.8428295723113846
0.34062101148109225 0.8333393424280429
0.5000036054568259 -2.929033044268649
0.6000774817583496 -2.1666822903129117
0.3232425004108056 2.1666822903129117
0.1666678684856086 -3.131720745238846
0.6127038411876855 2.8333537642553464
0.2051786988856139 -1.1666750793992602
0.8333393424280429 2.473627889512385
0.1666678684856086 -2.2899773065271707
0.5715775769463364 -0.5000036054568259
0.08011996368298036 -2.8333537642553464
0.942852793556441 3.1666895012265632
0.6666714739424344 2.26363472291217
0.4631476643131833 -1.1666750793992602
0.024191941280504836 1.5000108163704773
0.8069330035184743 2.8333537642553464
0.0 -2.909219847768465
1.0000072109136517 0.6893802408882843
0.6666714739424344 2.5413115724951716
0.17960035802365015 2.5000180272841286
0.07928190068186403 1.8333465533416946
0.3333357369712172 0.8306670585947065
0.8473843186759726 0.8333393424280429
0.8333393424280429 -1.7251669575946516
0.113405608568803 1.8333465533416946
0.13585798141017635 3.5000252381977806
0.10891857561444107 3.5000252381977806
0.6666714739424344 -0.003935652479155838
0.19359333594363026 -3.1666895012265632
1.0000072109136517 -0.5348813965956825
0.821629897491515 0.5000036054568259
0.1184138734994451 2.1666822903129117
1.0000072109136517 2.0803987599184044
0.6576727990285357 0.5000036054568259
0.6666714739424344 0.8907698237737209
0.8333393424280429 1.8150327942761404
0.08840976119047261 -1.1666750793992602
0.9199744630168811 0.5000036054568259
0.5393011882813604 -3.1666895012265632
0.1666678684856086 -1.723662177094288
0.8333393424280429 -2.762899244721902
0.950860455623564 0.8333393424280429
0.4305913667337399 -1.1666750793992602
0.09293955278348576 -1.8333465533416946
0.33874931656695695 0.5000036054568259
0.2948548004518303 -0.1666678684856086
0.3925332462327118 -0.8333393424280429
1.0000072109136517 -1.8611759288646526
0.0 -0.7771342267637467
0.08438507408429441 1.5000108163704773
0.0 2.5032086398898548
0.6091283948095522 -2.1666822903129117
0.5000036054568259 -2.426957872617184
0.7339700486298768 0.1666678684856086
0.9709164058359687 3.1666895012265632
0.1320274539332108 2.1666822903129117
0.6666714739424344 -2.1752272353290594
0.5000036054568259 0.8325585958137367
0.6666714739424344 -2.127750771347727
0.09221177745139253 0.8333393424280429
0.5000036054568259 -1.0368608063141251
0.41570913349407257 -0.8333393424280429
0.5000036054568259 2.8780399531500143
0.5000036054568259 0.5169324396352
0.5000036054568259 1.9544597732740856
0.3333357369712172 -0.2915465176600134
0.2553244854320771 2.1666822903129117
0.3333357369712172 1.369664646693595
0.5000036054568259 -2.93833422483246
0.5198850033609208 -0.5000036054568259
0.6666714739424344 0.3343602740680405
0.5000036054568259 1.6960636599137207
0.12003656827883946 3.5000252381977806
0.7740109469560821 -2.8333537642553464
1.0000072109136517 0.46727097188643363
0.3333357369712172 -2.3779240819280236
0.5004139860879288 3.5000252381977806
0.0021725017052427464 1.1666750793992602
0.810330577547608 -0.5000036054568259
0.1666678684856086 -1.9150852327932253
0.08318950429088334 2.8333537642553464
0.8333393424280429 0.9577773049799196
0.1027577098368242 1.5000108163704773
0.16142796520273217 -3.1666895012265632
0.9953628888622267 -2.5000180272841286
1.0000072109136517 -0.6997384783468936
0.5000036054568259 -1.1991306877926347
0.6666714739424344 -2.6661533495453824
0.8333393424280429 2.8309347883665277
0.13843479034913175 1.1666750793992602
0.6666714739424344 1.75548183931621
0.8154163591967593 3.1666895012265632
0.8333393424280429 2.4561813942059896
0.3333357369712172 3.1365369421453186
0.4615195334808142 -1.5000108163704773
0.7194232437557996 -0.5000036054568259
0.0 0.4347838826368595
0.3333357369712172 -0.07436675447774599
0.4006092424352925 1.8333465533416946
0.6666714739424344 -0.3971038346610607
0.6666714739424344 -1.092945934457422
0.06430726917057117 3.5000252381977806
1.0000072109136517 -2.7394332467731433
1.0000072109136517 -0.2658758097550282
0.6678420238373062 -2.8333537642553464
0.3333357369712172 1.6187410349256064
0.5445134948721487 2.5000180272841286
0.5000036054568259 0.40117547112353336
0.2803397666590438 -0.1666678684856086
0.6666714739424344 0.25902495584737073
0.0649824466006188 1.5000108163704773
0.3784842955089067 -1.1666750793992602
1.0000072109136517 -2.0368497479542045
0.1666678684856086 1.404792511835887
0.04006845455524799 -2.1666822903129117
0.7237039235864252 2.1666822903129117
0.15874248958617276 1.1666750793992602
1.0000072109136517 -2.857304102923954
0.1666678684856086 2.3434254992236268
0.1666678684856086 2.4157515058269254
0.5000036054568259 -0.3979330493412041
0.7636429729818525 2.5000180272841286
0.1666678684856086 -0.1633271741522524
0.6899935747554222 -2.8333537642553464
0.3333357369712172 -0.2550744480662934
1.0000072109136517 1.5070403167343294
0.3333357369712172 2.753529560917043
1.0000072109136517 0.928891684050007
0.1817574138070016 0.8333393424280429
0.6666714739424344 1.7130617546537046
1.0000072109136517 1.1774316122769326
0.5000036054568259 -0.604633626713166
0.12373188140347369 -1.8333465533416946
0.4786419459006246 -3.1666895012265632
0.8333393424280429 2.154333004631094
0.8980740302726627 0.1666678684856086
0.25903616048168654 2.8333537642553464
0.7198389082828934 0.8333393424280429
0.9959786895421466 3.5000252381977806
0.7924467596057996 0.8333393424280429
0.5146559243337427 -1.1666750793992602
0.6666714739424344 2.580394214128874
1.0000072109136517 0.43158019749868703
0.0 2.1252991260037586
0.1666678684856086 2.469660989262211
0.5490302808221091 -3.1666895012265632
0.5884071235592285 0.8333393424280429
0.2585903454747429 3.1666895012265632
0.9289431970871421 -2.1666822903129117
0.5000036054568259 -0.5193706747782767
0.1666678684856086 1.701579266043618
0.7146394955858619 2.1666822903129117
0.5000036054568259 1.4358440856401273
0.1666678684856086 -2.4204892976322805
0.0 -0.3097720301806035
0.010423824736713438 1.5000108163704773
0.4575981150027162 -1.1666750793992602
0.42138315083594424 2.5000180272841286
0.0 2.864510677507977
0.755301399403193 -2.1666822903129117
0.2835520743408646 -0.1666678684856086
0.5000036054568259 -0.9513744065908449
0.42603685027358396 -1.5000108163704773
0.5000036054568259 -2.9279329118676585
0.3333357369712172 -0.33060304108748984
0.27468203190728624 -2.1666822903129117
0.22852774403680587 -3.1666895012265632
0.06566977750552172 -1.5000108163704773
0.124567973966897 1.8333465533416946
0.5283341190217055 -3.1666895012265632
0.09054305877119162 -1.1666750793992602
0.0 2.9576810691499738
0.41288005155094953 1.1666750793992602
0.33409358370152265 -1.8333465533416946
0.3333357369712172 -1.3444772356378965
0.5000036054568259 -1.7668527560272627
0.6666714739424344 2.532697705972873
0.0 2.2838857819632246
0.3333357369712172 -2.2895870385909727
0.1666678684856086 2.3220984951476327
0.0 1.620383107056421
0.06080572834076525 2.8333537642553464
0.32111635197085386 -1.5000108163704773
0.16127292794535308 1.5000108163704773
0.0 -2.4526638193663826
0.8086213370149679 -3.1666895012265632
0.6786249897358838 -0.8333393424280429
0.0 1.3011878838793338
0.3333357369712172 -0.8738033416860835
0.7262221783847729 3.1666895012265632
0.8333393424280429 3.1059794900331728
0.5000036054568259 -2.9475796977813657
0.5000036054568259 -2.882111718591596
0.5000036054568259 1.4431727327052828
0.5000036054568259 -0.9738013867475535
0.8333393424280429 1.462562061319928
0.45810754928973674 -1.1666750793992602
0.17127714555223494 -0.8333393424280429
1.0000072109136517 -1.1258623729540003
0.3688302700586784 1.1666750793992602
0.3333357369712172 0.6205409654431069
0.14968160683851883 -1.8333465533416946
0.7025201556147929 -1.8333465533416946
0.5000036054568259 0.7223617250996242
0.8333393424280429 0.3597620998081399
0.5000036054568259 1.7985035357680328
0.5000036054568259 -2.145609845574902
0.8333393424280429 -2.8230177005611714
0.5000036054568259 -1.6143689274319517
0.3333357369712172 -3.0754887554992147
1.0000072109136517 2.5258801584515753
0.3333357369712172 -0.10195164057646533
0.8333393424280429 -2.2736137017774825
0.8333393424280429 -0.7318161860203523
1.0000072109136517 -2.5390636266146607
1.0000072109136517 2.413373369232654
0.6666714739424344 -1.401102695756539
0.6666714739424344 1.4307274305012418
0.23424087863605847 2.5000180272841286
0.8572647244156428 -2.8333537642553464
0.8333393424280429 0.9597508168215478
0.030947437204156603 2.5000180272841286
0.8333393424280429 -2.3931187541031047
0.8333393424280429 2.0530825502565007
0.004555784462425105 1.5000108163704773
0.5000036054568259 2.63376720642582
0.6823357995168344 0.5000036054568259
0.12424701891415868 0.8333393424280429
0.6666714739424344 -0.8462046703264217
0.36751273067026824 2.1666822903129117
0.36922935601420326 -2.1666822903129117
1.0000072109136517 1.2278579481103575
0.8333393424280429 1.9945657140294344
0.5988798020266416 3.5000252381977806
0.42477408398789773 0.1666678684856086
0.3333357369712172 1.0462543631659287
0.5000036054568259 2.9469523207896158
0.15813146510420373 2.1666822903129117
0.1666678684856086 0.8958856621430513
0.8597245815512328 -3.1666895012265632
0.43160441469794375 -0.5000036054568259
0.0321774293498176 1.1666750793992602
0.7646495803816241 1.5000108163704773
0.08366026595974752 3.1666895012265632
0.6666714739424344 -0.11011486135079096
1.0000072109136517 2.106969087447661
0.8333393424280429 2.522791749830418
0.1666678684856086 -1.5579472354124329
0.6143014465264829 3.5000252381977806
0.4901042978261768 1.8333465533416946
0.1269716574197064 0.1666678684856086
0.6718573198009055 -0.8333393424280429
0.2207223495560362 -2.5000180272841286
0.0 -2.85074309570116
0.3333357369712172 -0.9532965456508786
0.6666714739424344 2.359378887199627
0.7919311451115335 -2.8333537642553464
0.33805040113551266 2.5000180272841286
0.14977205405498373 2.1666822903129117
0.3333357369712172 1.0216750415269624
1.0000072109136517 -0.23608862677586906
0.27624685894163903 3.5000252381977806
0.1666678684856086 -1.6421604770922986
0.9782958298438587 0.8333393424280429
0.7424724625731578 -2.5000180272841286
0.3333357369712172 1.2680017426833246
0.836851130493543 0.5000036054568259
0.3333357369712172 1.2079650774622044
0.21651556202254663 2.8333537642553464
0.3655792634440036 3.1666895012265632
0.6841357540425291 1.1666750793992602
0.1666678684856086 -0.024855106889818845
0.3333357369712172 0.7178511930410902
0.5000036054568259 -0.05066770785369901
0.3943575224914382 -1.1666750793992602
0.37906214780591674 -0.8333393424280429
0.8348872618108536 3.5000252381977806
0.09417445885286768 -2.5000180272841286
0.11613446767857627 3.1666895012265632
0.1666678684856086 0.7022686308120849
0.7720682703909102 1.1666750793992602
0.9709567707382191 0.1666678684856086
0.6666714739424344 -1.0951036124745839
0.474902106903338 -1.5000108163704773
0.3333357369712172 0.725951717793198
0.8333393424280429 1.396052326070751
0.9789886752693197 2.1666822903129117
0.6018754934134208 -1.1666750793992602
0.6577477461995132 2.5000180272841286
0.9719460168570858 -2.1666822903129117
0.8333393424280429 -0.41337432084372594
0.2714690647586805 2.1666822903129117
0.9079794662510399 1.5000108163704773
0.1893148334872723 2.1666822903129117
0.12091222136368007 1.1666750793992602
0.335855095945946 0.5000036054568259
0.3333357369712172 -2.8944081059978606
0.0 -1.064344730397122
0.17020360956302805 -0.8333393424280429
0.6666714739424344 -1.3017366312757708
0.0 1.223021710078335
1.0000072109136517 -0.6687379077103226
0.715086994261048 1.8333465533416946
0.3010078353196173 1.5000108163704773
0.855710450256247 -0.5000036054568259
0.2957410336052212 -2.8333537642553464
0.6666714739424344 -2.8195646746988405
0.2788044035890286 0.8333393424280429
0.0 1.8652273189033206
0.0 2.9723489283977216
0.0 0.39632227496252126
0.6666714739424344 -2.670401691141372
0.03799568472204695 -1.1666750793992602
0.42898755152146983 1.5000108163704773
0.40779827829543547 -2.5000180272841286
0.8333393424280429 0.30528919729528603
0.0 1.3557849537065039
0.7841177616622859 0.5000036054568259
0.0052277701663189236 2.5000180272841286
0.5241964578889027 2.1666822903129117
0.8333393424280429 1.6571422244289433
0.0715254637726549 0.8333393424280429
1.0000072109136517 0.29930815540792155
0.5017207153674375 -1.8333465533416946
0.7131187435550398 0.8333393424280429
0.013587684560517066 2.8333537642553464
0.21056112802179106 -3.1666895012265632
0.24291021786246747 2.5000180272841286
0.5000036054568259 -1.6849808063753453
0.8262412118831959 -1.5000108163704773
0.20527386132927283 -2.5000180272841286
0.359972700300756 2.1666822903129117
0.0 -1.4156163781672852
0.8333393424280429 -1.5245535652506483
0.0 0.8564467067900736
0.5521983488653417 3.5000252381977806
0.0 0.7335868758312194
0.6666714739424344 1.2502287186418002
0.6666714739424344 -0.4555062507248362
0.8947716675624032 -1.5000108163704773
0.8251428458646793 -2.1666822903129117
0.6915812923820028 1.5000108163704773
0.5000036054568259 2.2974920242934562
0.5000036054568259 1.8959378165458638
0.0 -1.7491783065539315
0.6666714739424344 1.1152624621783822
0.7109137613503088 2.5000180272841286
0.17221662761579914 0.8333393424280429
1.0000072109136517 -0.6947984059103356
0.12632515013379608 -3.1666895012265632
0.2272665666684348 2.5000180272841286
0.6666714739424344 2.246353802185758
0.3333357369712172 -1.302141140665806
0.0 0.10305977679787137
0.3333357369712172 2.5072339717324583
0.1666678684856086 2.4246662333294955
0.6666714739424344 1.353010707879771
0.23725639582106972 0.5000036054568259
0.0 -1.8795785066555064
0.9461794904864994 1.5000108163704773
0.7263615203943837 -1.8333465533416946
0.33470579853238724 3.1666895012265632
0.3754737304568313 2.8333537642553464
0.3333357369712172 -1.5461213160671978
0.6666714739424344 0.2424608305685405
0.23419921349536832 -3.1666895012265632
0.0 -0.6443399872867737
0.5000036054568259 1.967615873076281
0.1666678684856086 2.3820489659619275
0.48315185131888216 -1.5000108163704773
1.0000072109136517 -0.4460284042143363
0.5000036054568259 0.7071311050414293
0.7877336558503206 -3.1666895012265632
0.7881731037446386 -1.8333465533416946
0.3923285385907108 1.5000108163704773
0.8333393424280429 -0.9434775729173053
0.460935387943201 1.5000108163704773
0.8333393424280429 -1.118723938087944
0.9538379440897936 2.5000180272841286
0.5022009921560934 0.5000036054568259
0.0 0.22415887443482152
0.0 0.6994645061207128
0.0 -2.2151230714307215
0.6666714739424344 1.2998917143795783
0.1666678684856086 2.3976707948075084
0.8399563426892743 0.8333393424280429
0.6666714739424344 1.441506680409642
0.6666714739424344 0.8915934866868325
0.4376140486838773 0.8333393424280429
0.09999165190948045 0.8333393424280429
0.03247260203351865 0.5000036054568259
0.3456832340312723 -0.5000036054568259
0.3333357369712172 -1.8710730023447582
0.0 2.728080514221907
0.514505327514063 1.5000108163704773
0.548183721689184 3.1666895012265632
0.399441546643053 0.5000036054568259
0.39800606882359757 -0.5000036054568259
0.1666678684856086 -2.9146803887389097
0.2699121257658329 -2.8333537642553464
0.9247959369169054 2.1666822903129117
0.23039107822102856 3.5000252381977806
0.9001518867098466 2.1666822903129117
0.0 0.024889311957856375
0.5000036054568259 1.7894899914014157
0.20817774995077454 -1.8333465533416946
0.8333393424280429 -0.8092784414233423
0.6666714739424344 0.6036953496850952
0.534725946581388 -2.8333537642553464
0.6827506282133808 -0.5000036054568259
0.6666714739424344 2.293926800871005
0.2681159353451841 1.8333465533416946
0.5000036054568259 -2.629121095455344
0.0 -0.8885013220545588
0.6666714739424344 2.688892389757072
0.33232186451554446 -0.8333393424280429
0.617417097678456 -1.5000108163704773
0.6666714739424344 2.403557505390162
1.0000072109136517 2.5870880974390964
1.0000072109136517 -2.6945034398216348
0.6247894668337053 -3.1666895012265632
0.7938141927647863 0.1666678684856086
0.6793030849150689 2.8333537642553464
0.3333357369712172 -2.872871822967507
0.1584632669969952 -1.8333465533416946
0.5000036054568259 -1.2569496391550958
0.3333357369712172 1.6711110520984223
0.6666714739424344 -0.23205167723308984
0.6666714739424344 0.5246571319491848
0.4997750230985102 3.5000252381977806
0.6370042946149683 0.5000036054568259
0.6724851188489127 1.5000108163704773
0.1666678684856086 -2.022510702513664
0.09189601112731727 -1.8333465533416946
0.9674862284640108 -0.8333393424280429
0.0 -2.61309450282745
0.1666678684856086 0.08309563572262091
0.1666678684856086 -1.1287254420758193
0.8333393424280429 -2.4917005487084536
0.8333393424280429 -0.24685240167984146
0.5000036054568259 -1.2081018658760942
0.650319205063894 -2.1666822903129117
0.5000036054568259 2.1348458481994497
0.8333393424280429 1.0015316002899395
1.0000072109136517 -2.2893304183788388
0.8333393424280429 -1.4689132778656133
0.37966063461224786 -2.8333537642553464
0.5705665454479038 -0.1666678684856086
0.6666714739424344 2.2228818422511694
0.0 -1.438456569345261
0.6666714739424344 2.55215913049752
0.0849235024900944 -0.8333393424280429
0.6823767243623999 1.8333465533416946
0.6666714739424344 -0.12476096177349572
0.9078246955650565 0.1666678684856086
0.8333393424280429 -2.7601374279995756
0.3333357369712172 0.59428393092261
0.5547681434112032 3.5000252381977806
0.39892501238773204 -3.1666895012265632
0.9689358722557857 3.1666895012265632
0.45443525272781404 0.1666678684856086
0.3324946943708621 0.8333393424280429
0.3333357369712172 -0.48405739170677853
0.1666678684856086 3.13946365693392
0.0 -0.8150580297916967
0.29020026815489963 -0.1666678684856086
0.23673731597918057 -1.1666750793992602
0.6666714739424344 0.44639731669264116
0.8333393424280429 1.320887655527498
0.9633991412492452 1.1666750793992602
0.9434311935339919 -2.1666822903129117
0.0 2.8346437492617635
0.8333393424280429 1.0016685058763146
0.0 2.045106593849707
0.7613679513847106 1.5000108163704773
0.35914518369058623 -2.1666822903129117
0.9456091953775266 -3.1666895012265632
0.1666678684856086 2.415920905740073
0.3333357369712172 3.085064990329924
0.5000036054568259 -0.09811445000497443
0.8336561096664362 0.8333393424280429
0.9147672344275589 3.1666895012265632
0.1666678684856086 1.010725742582756
0.8414919474652373 2.1666822903129117
1.0000072109136517 -2.9654637071350223
0.18618485548356511 2.8333537642553464
0.8333393424280429 -2.5314762447896557
0.6666714739424344 -1.2172400371613823
0.3440998222337589 -0.8333393424280429
0.6905430190569188 2.8333537642553464
0.472213459026508 1.1666750793992602
0.3333357369712172 0.7228983684191475
0.8333393424280429 1.9686445180698513
0.9777816191643391 1.1666750793992602
0.6672678365382037 -1.1666750793992602
0.1666678684856086 -1.0774907131243299
0.3333357369712172 2.9719418015933297
0.8333393424280429 -2.1293815621254506
0.22645531188695955 1.1666750793992602
0.8333393424280429 -0.5550751898592381
0.5000036054568259 1.392419988209463
0.5000036054568259 1.6950003105006077
0.28772531737076024 2.5000180272841286
0.3333357369712172 -0.9529180552169305
0.8382427065813226 -0.8333393424280429
0.9954825833733539 2.8333537642553464
0.3333357369712172 -0.8360545312200882
0.6616157404448794 1.8333465533416946
0.5000036054568259 2.298139940730037
0.22505899059546663 -0.5000036054568259
0.2922937444122895 -1.1666750793992602
1.0000072109136517 0.522996732687095
0.8106945132840307 2.5000180272841286
0.05152384142454336 1.5000108163704773
0.6666714739424344 -0.663520821546427
0.3333357369712172 0.09612422109764118
0.0 -2.856568160064015
0.0 -0.53598188960714
0.7780841142973108 1.1666750793992602
0.8333393424280429 -0.2862140592952436
1.0000072109136517 1.2724884180589697
0.9196808908139157 -1.5000108163704773
0.9753304762804502 -0.1666678684856086
0.5248326174631402 3.5000252381977806
0.197362263321885 2.8333537642553464
1.0000072109136517 0.5590431716835296
0.0 1.5657186712078124
0.2686471034276129 -0.8333393424280429
0.41504854231337684 0.1666678684856086
0.5000036054568259 2.2555005384160642
0.46146489674056435 -2.8333537642553464
0.8333393424280429 -2.7573898866107536
0.3333357369712172 -2.1069324440524886
0.7493131994805113 -0.1666678684856086
0.2628133712582289 0.5000036054568259
0.12129723554767025 1.1666750793992602
0.6265043565858128 -3.1666895012265632
0.5206426675671302 -0.1666678684856086
0.13523332919564734 -2.5000180272841286
1.0000072109136517 -0.5118640943624597
0.4151370953714528 0.5000036054568259
0.0 1.7844990313776066
0.5000036054568259 2.649093832438612
1.0000072109136517 -2.500842214040742
0.8603782144272256 -3.1666895012265632
0.6403256142757994 -0.1666678684856086
0.5000036054568259 0.13583878633451896
0.8333393424280429 -1.8080921012094187
0.4415176829942007 2.8333537642553464
0.055331152173691445 -3.1666895012265632
0.32482712422806204 3.1666895012265632
0.838928007252904 3.5000252381977806
0.8811664603539457 0.8333393424280429
0.5000036054568259 -0.6588507872785723
0.6666714739424344 1.8134857223150105
0.8333393424280429 -2.723721401739212
0.6526653926245656 -2.8333537642553464
0.3333357369712172 -3.022585612184901
0.8333393424280429 -3.1261970766179497
1.0000072109136517 2.4664007992850863
0.269155156641397 -2.1666822903129117
0.2665069216896234 1.8333465533416946
0.0 -1.7868766654861339
0.5000036054568259 1.4822826224954033
0.7897616690681366 -1.5000108163704773
0.41590593770520556 -0.5000036054568259
0.0 1.0292846368435171
0.6666714739424344 0.1801121952813034
0.7355690285739571 3.1666895012265632
1.0000072109136517 -2.1020641155500828
0.4759526993545091 0.1666678684856086
0.5000036054568259 0.8955532743992594
1.0000072109136517 0.24390260634633076
0.8333393424280429 2.4632439015471155
0.6305287827515779 -0.5000036054568259
0.0 1.5688917267076041
0.9543425670476333 2.8333537642553464
0.2799910738201462 -3.1666895012265632
0.3218869844895388 -3.1666895012265632
0.8333393424280429 -3.028672092196929
0.0 -0.8862936778787978
0.1666678684856086 2.18587206565738
0.6617339967889353 3.1666895012265632
0.872757547957516 -1.5000108163704773
0.6152226053452504 1.5000108163704773
1.0000072109136517 -2.7170281778040763
0.3843670329747929 2.8333537642553464
0.777037423520449 2.5000180272841286
0.2030525272259307 2.5000180272841286
0.5468214643301487 2.5000180272841286
0.32003655268179176 -0.1666678684856086
1.0000072109136517 -1.2759810779279332
0.7747631062431526 3.1666895012265632
0.3333357369712172 0.16468235082643412
0.3030229149828688 2.8333537642553464
0.0998458321893666 2.8333537642553464
0.6666714739424344 -3.133141738789265
0.6777874353274501 0.8333393424280429
0.11735399606764174 -1.1666750793992602
0.0 3.0753227234340486
0.3913180463153757 1.1666750793992602
0.5000036054568259 -0.20870775965638755
0.3333357369712172 -0.5728720626631754
0.6666714739424344 1.2856692872058382
0.6666714739424344 -2.688840380795065
0.1666678684856086 1.665574768660231
0.8333393424280429 0.07734241941958153
0.0 -1.1040079133221612
0.6666714739424344 1.9456922085029271
0.5000036054568259 2.4258849664297575
1.0000072109136517 2.2146312019895804
0.0 2.4949365996462722
0.0 -0.572963867551854
0.6666714739424344 2.4329253116258247
0.12426538554032507 3.5000252381977806
0.3333357369712172 2.1255312304344143
0.1666678684856086 -1.9969235638172194
0.9768980003426309 1.1666750793992602
0.44413130112748633 -0.1666678684856086
0.1666678684856086 2.147322719937849
0.7265963377607859 -1.8333465533416946
1.0000072109136517 1.9531913940343753
0.9622342350490506 -1.1666750793992602
0.3333357369712172 2.6483130481093147
0.6666714739424344 2.6848426773515275
0.974141408984167 -2.5000180272841286
0.3250923360656294 -1.1666750793992602
0.5960368350454374 -0.8333393424280429
0.8333393424280429 2.7021615500266964
0.7496904837149551 -1.1666750793992602
0.5000036054568259 1.8612970074737119
1.0000072109136517 -0.4852044116760279
0.8700282837417374 0.8333393424280429
0.1666678684856086 0.7978464475989377
0.7471546189537184 2.8333537642553464
0.6616689880391262 -1.5000108163704773
0.8333393424280429 -0.7785453688776371
0.8333393424280429 -2.9545711636577408
0.6014870896882565 1.5000108163704773
0.8247412732413545 0.5000036054568259
0.6361811978315568 -2.8333537642553464
0.7096537894974381 2.5000180272841286
0.7406814433127268 -0.8333393424280429
1.0000072109136517 1.61589453785618
0.3333357369712172 -3.0756281975963624
0.0 0.5392498051305425
0.2241514509849003 -1.8333465533416946
0.1666678684856086 2.017311025994859
0.8909175650346474 3.5000252381977806
0.38393213624938793 -0.8333393424280429
0.5000036054568259 -2.443564461024368
0.5403992052689587 1.1666750793992602
0.790006879171386 3.5000252381977806
0.1608874314014671 2.1666822903129117
1.0000072109136517 -2.875239910487761
0.8333393424280429 1.992177395198853
0.3137207765497849 3.1666895012265632
0.8333393424280429 -1.7004218579349402
0.4922045124078607 3.5000252381977806
0.1666678684856086 3.009823966572398
1.0000072109136517 0.26135157467193704
1.0000072109136517 1.4626668460378847
0.39396423901321254 -2.1666822903129117
0.6043865076809068 3.1666895012265632
0.8333393424280429 -1.5135651801519878
0.6256136735291822 -2.8333537642553464
0.0 0.9751079260729583
0.1666678684856086 1.6333536149916394
0.8333393424280429 -0.5352931599036159
0.2861018516351346 0.5000036054568259
0.5000036054568259 -1.9424097268608327
0.3969149514396928 2.5000180272841286
0.018520461263663135 0.1666678684856086
0.7162051690956474 -2.8333537642553464
0.6666714739424344 -2.213488276837115
0.8333393424280429 2.2256907217997792
0.5000036054568259 2.416821513571124
0.11814143315630654 -0.8333393424280429
1.0000072109136517 1.9887345817496618
0.6871199276349297 -0.1666678684856086
0.8333393424280429 2.8843422732373023
1.0000072109136517 2.003573028004329
0.3333357369712172 1.9809736024664275
0.1666678684856086 -1.982565061087374
0.0 -0.5354690525442485
0.9814013364980263 0.1666678684856086
0.8978966454587541 2.5000180272841286
0.7659332640695629 0.1666678684856086
0.6666714739424344 1.9406609851120944
0.8333393424280429 1.707517488573469
0.8333393424280429 -2.090532534582157
0.8333393424280429 1.5312300041013884
1.0000072109136517 2.983504824071294
0.26845640239441304 0.8333393424280429
0.5659732715488297 -0.8333393424280429
0.596135597948281 0.1666678684856086
0.49656309929907094 -1.1666750793992602
0.8773788982097803 -0.5000036054568259
0.6666714739424344 -1.0306232056392512
0.21336412101271973 1.8333465533416946
0.3290323006462501 2.1666822903129117
0.3333357369712172 -0.4956328707151565
0.22467769332260612 1.8333465533416946
0.0 -3.061416535940398
0.6862112870328057 0.5000036054568259
0.8333393424280429 -2.997602604916555
0.0 2.188736792196785
0.3110411195273005 2.1666822903129117
0.6666714739424344 -2.2043640429822653
0.0 -0.6907937219964073
0.9789581153793241 2.1666822903129117
0.1243151115519503 0.1666678684856086
0.0 2.2001327627158958
0.3179405766221679 2.1666822903129117
0.7737668245966313 -2.1666822903129117
0.6666714739424344 1.605919353278801
0.0 -2.5954090561528473
1.0000072109136517 -3.1245149683753364
1.0000072109136517 -0.9605849907647235
0.46568913356425856 -0.8333393424280429
0.0 -3.0580460479627267
0.6518845660110438 -1.5000108163704773
0.006627983345350863 -2.5000180272841286
0.16668422765969326 1.8333465533416946
0.8820065698414002 1.1666750793992602
0.8333393424280429 0.41756814280160004
0.1666678684856086 -1.974947798817952
0.32442005024911724 0.1666678684856086
0.4673432128039382 -2.8333537642553464
1.0000072109136517 1.4485063957193818
0.1302084103937018 -3.1666895012265632
0.3245522083895386 1.8333465533416946
1.0000072109136517 -0.8618074639163376
0.7176097412743655 -0.1666678684856086
0.9389297807625808 0.8333393424280429
0.2803923829730095 -3.1666895012265632
0.6476534908519805 -2.8333537642553464
0.5341767815895693 -0.1666678684856086
0.3333357369712172 1.1359298885569507
0.7475489960336968 2.1666822903129117
0.1666678684856086 -2.5371050028643483
0.0 1.9227333907103237
0.3333357369712172 -1.2628181275898573
0.3132856859255091 3.5000252381977806
0.22817875576989322 -1.8333465533416946
0.3465052903206851 -0.1666678684856086
0.6666714739424344 0.41360247757748914
0.6765752611721833 0.8333393424280429
0.3333357369712172 -1.9594355894062563
0.3333357369712172 2.8710656087083803
0.5329941983829222 -0.1666678684856086
0.3818771315576772 -1.8333465533416946
0.5504524793715044 -2.1666822903129117
0.5692044190960548 -1.8333465533416946
0.3333357369712172 2.151975140917248
1.0000072109136517 -3.0080465374419902
0.6666714739424344 -1.3216550162026914
0.49533055326620223 -3.1666895012265632
0.9970403148211914 -2.8333537642553464
0.5278745232657533 -2.8333537642553464
0.9034304361161303 -0.1666678684856086
0.8072350469695093 -3.1666895012265632
0.0 2.164795391373519
0.8333393424280429 -2.590031436749109
0.1666678684856086 1.8213904653700812
0.25538058418675424 -2.5000180272841286
1.0000072109136517 -1.9878519402608867
0.8725830760291997 -2.8333537642553464
0.28534158335314264 2.8333537642553464
0.6666714739424344 -1.8677254750543548
0.6666714739424344 -1.6476879448555521
0.3333357369712172 -0.07038601875912764
0.3333357369712172 -1.3441867011116404
0.8313829118136988 1.8333465533416946
0.6299134818631704 -0.8333393424280429
0.8333393424280429 -0.9145399248878552
0.8249636621758288 -2.1666822903129117
0.0 1.8198429779797278
0.5535730563842653 3.1666895012265632
0.5649078342445037 -2.8333537642553464
0.7695353331180561 1.1666750793992602
0.1666678684856086 -2.0629430358851355
0.5765439718219787 0.8333393424280429
0.0 -2.2591005293072817
0.0 2.6126643981854354
1.0000072109136517 -0.6698183117768166
0.0 2.7190301785133704
0.9427491227435443 1.8333465533416946
0.4829239838728705 -2.1666822903129117
1.0000072109136517 -1.1821007897875395
0.7852748188518232 1.1666750793992602
0.3333357369712172 -2.9434031119596336
0.0 0.4001454785489522
0.38295837810642164 3.5000252381977806
0.5000036054568259 2.489655797698621
0.8333393424280429 1.0533970984369088
0.6215246344233575 2.8333537642553464
0.010831287752220753 -2.5000180272841286
0.4968295243803593 1.5000108163704773
0.6666714739424344 -1.0166328064524324
0.07125481516169363 2.5000180272841286
0.04399175652507503 3.5000252381977806
0.8333393424280429 2.594393712639733
0.030881040631011825 -0.8333393424280429
0.06068226363716689 -2.1666822903129117
0.6958465377824062 -2.8333537642553464
0.691777280657474 1.5000108163704773
0.18511789660461941 -0.1666678684856086
0.15680794526817055 3.1666895012265632
0.6535281583389194 -2.5000180272841286
0.8333393424280429 -0.44360477977510326
0.19797995097574372 -0.5000036054568259
0.5000036054568259 -0.8787386657983749
0.17257319304273644 -3.1666895012265632
0.6663601628286389 -2.1666822903129117
0.5000036054568259 -2.362216808468173
0.4716848776490683 -2.8333537642553464
0.9910754165111817 -3.1666895012265632
0.3333357369712172 1.4108495297370292
0.6313774461693531 0.8333393424280429
0.3187133001309712 1.1666750793992602
0.1793939581641414 2.8333537642553464
0.6753976430183457 0.8333393424280429
0.02669737602225164 -0.5000036054568259
0.6008556561510365 3.5000252381977806
0.9714873073213429 -2.8333537642553464
0.5000036054568259 0.27444843112061035
0.6473575159162509 2.8333537642553464
0.22380903891370196 3.5000252381977806
0.0 -2.9675992972925123
0.9655009216970543 3.5000252381977806
0.0 -2.2006638973981794
0.9623309372344794 -0.8333393424280429
0.2471051494746781 2.5000180272841286
0.3333357369712172 1.8556101345962768
0.0 -1.8735147471244975
0.4130607306236095 1.1666750793992602
0.6457204970052353 2.1666822903129117
0.1688320507679394 -3.1666895012265632
0.5118161458961125 1.5000108163704773
0.7256640175045619 -2.5000180272841286
0.8333393424280429 -0.2209802092770521
0.5000036054568259 2.2351449994599726
0.6326380034963401 1.5000108163704773
0.8333393424280429 0.6875943698295339
0.34085454286353856 -1.5000108163704773
0.21400186282142786 -0.5000036054568259
1.0000072109136517 0.1129251404050784
0.5000036054568259 0.95603151818014
0.09551743616243391 -3.1666895012265632
0.1911483859112768 0.8333393424280429
0.6666714739424344 -0.7342729939538231
0.791174880256643 2.5000180272841286
1.0000072109136517 -0.7021469054628007
0.08302741091381616 -1.1666750793992602
0.0 0.3237898635537104
0.0 -3.053315975956533
0.1666678684856086 -3.117672736886858
0.6588668208591 -0.8333393424280429
0.3333357369712172 -1.1459410219881905
0.9323229401785121 -3.1666895012265632
0.9363153073941243 -0.5000036054568259
0.8333393424280429 -1.690862690860765
0.1984491177579688 2.1666822903129117
0.7975754043484611 -0.5000036054568259
0.46429459557363906 -1.8333465533416946
0.08867604368376014 -2.1666822903129117
0.8333393424280429 -0.05774126472468666
0.3437216449010765 0.8333393424280429
0.9358251019051661 -2.8333537642553464
0.0 -2.8118928175672075
0.9352137310286831 -0.8333393424280429
0.10838114158790291 -2.1666822903129117
0.1666678684856086 0.18611667841695834
0.8333393424280429 -1.986186703422764
0.7285471004197625 0.8333393424280429
0.0 -1.7709179086910676
0.5000036054568259 0.4849499908655477
0.45998554349773113 -0.8333393424280429
0.6182520102163934 -1.8333465533416946
0.6666714739424344 -1.5965820529595929
0.4970143301382044 -0.8333393424280429
0.8599900391594814 0.8333393424280429
0.3333357369712172 -0.9436592221907767
0.9421959594024144 3.5000252381977806
0.3333357369712172 -2.3875755396852942
0.4085687332119087 3.1666895012265632
0.9155288155171949 -3.1666895012265632
0.7884699323788293 -2.1666822903129117
0.35314702604542414 -1.5000108163704773
0.6666714739424344 -0.030867851979075933
0.1666678684856086 0.6237488865740408
0.3333357369712172 0.8711033455382831
0.1666678684856086 0.1044687221967493
0.9446442856847791 -0.5000036054568259
0.455902692870899 -3.1666895012265632
0.0 -0.6894631636693127
0.8515089635829725 0.8333393424280429
1.0000072109136517 1.042199285118805
0.10754378261699926 -2.5000180272841286
0.0 1.5820103742736773
0.3333357369712172 0.8166208500294831
1.0000072109136517 0.4490144873241473
0.14852988894118013 3.1666895012265632
0.5000036054568259 1.1935981490194605
0.8333393424280429 1.8669846544246127
0.5000036054568259 -3.1189623701912828
0.8222751672760085 2.8333537642553464
0.47099521657198695 2.8333537642553464
0.1666678684856086 1.4857085419838905
0.5653608400260031 0.8333393424280429
0.6032187843398431 -0.5000036054568259
0.5700759329953828 -0.5000036054568259
0.06922141137039095 2.8333537642553464
0.3356460599487563 1.1666750793992602
0.5591990364873958 -1.8333465533416946
0.9768896140915692 -3.1666895012265632
0.3333357369712172 -1.0157445258289202
0.8333393424280429 -1.0980487931940903
0.5770349349681442 3.5000252381977806
0.3333357369712172 -0.08739249751513256
0.9235845729980632 -0.8333393424280429
0.8328031374847217 -2.5000180272841286
0.6666714739424344 -1.9768265064401729
0.5235163141084382 2.1666822903129117
0.6666714739424344 0.0961543937816316
0.0 -2.4143300779586543
0.0 1.8911573622787214
0.4548454385487519 1.1666750793992602
0.0 1.1312834096795372
0.6666714739424344 0.6320162650876342
0.7547937510204286 1.1666750793992602
0.6607713380458274 -1.1666750793992602
0.5000036054568259 0.8459776526522793
0.6014149855317319 -2.1666822903129117
0.6666714739424344 1.6619321521863917
0.8333393424280429 0.5733473711588726
0.18282940346040033 0.1666678684856086
0.4689275356804533 -2.5000180272841286
0.3333357369712172 0.6162706422797406
0.5000036054568259 -2.4204768683702444
0.0 1.300673634636361
0.3333357369712172 0.05153371600113532
0.9553840976410742 -1.5000108163704773
0.5000036054568259 1.1378175600521967
0.9777900000213379 2.8333537642553464
0.0 -2.4169913502028315
0.0 -0.1477999925099871
0.8333393424280429 1.6169158629008011
0.07160428785633888 2.5000180272841286
0.7691490488313258 -2.5000180272841286
0.6143015853545483 -3.1666895012265632
0.8926448835818704 2.8333537642553464
0.1666678684856086 1.7888378520875525
0.8333393424280429 -2.6342692676707617
0.8333393424280429 1.3829276831792807
0.6666714739424344 1.3092878136292514
0.1666678684856086 0.4153718284502088
0.3044103931230374 0.5000036054568259
0.22904211728415902 3.5000252381977806
0.18316291725316347 -0.8333393424280429
0.8560017404471528 1.5000108163704773
0.5133896924281239 0.5000036054568259
0.9592443988324514 -2.8333537642553464
0.3333357369712172 -2.6515255042095056
0.6666714739424344 0.703772616697063
0.6581080736250944 0.1666678684856086
0.7408923781215158 -0.5000036054568259
0.3212935063381852 -2.1666822903129117
0.29611807247368116 2.5000180272841286
0.5000036054568259 0.18451882127793828
0.1666678684856086 2.976028471891744
0.6666714739424344 -0.5323998699445531
0.30210643410806626 3.1666895012265632
0.753987868170438 -3.1666895012265632
0.4657959904502561 -1.1666750793992602
0.6666714739424344 -2.4859843944360667
0.08446264391171854 -2.5000180272841286
0.3333357369712172 1.6674067908168935
0.3333357369712172 -2.9155146854659315
0.9018238077593156 -0.8333393424280429
0.1666678684856086 0.04932230091070222
0.30828603980360525 1.5000108163704773
0.8333393424280429 -0.6240398259994939
1.0000072109136517 0.6881368442996969
0.5877486446024403 1.8333465533416946
0.8150128278291155 -2.5000180272841286
0.6666714739424344 -2.1661179394476715
0.3333357369712172 -1.9312552665107345
0.941602866882414 -0.5000036054568259
0.37829308909779014 0.1666678684856086
0.5000036054568259 -0.880035348143497
0.6740589129448553 0.1666678684856086
0.15410808618482874 1.1666750793992602
0.5231886058691887 0.8333393424280429
0.17710972839096717 -2.5000180272841286
0.6666714739424344 -2.9036135223437154
0.3557080709368966 2.5000180272841286
0.09084166195596355 -0.8333393424280429
0.1666678684856086 2.5558521860669563
0.972695028499583 -2.8333537642553464
0.3729988693931806 0.5000036054568259
0.8333097542751923 0.5000036054568259
0.1666678684856086 -0.4679693594481322
0.8333393424280429 -1.246284803363544
0.3333357369712172 -1.567313225845158
0.9259047588390895 1.8333465533416946
0.8685000691286844 2.5000180272841286
0.023316631842583813 1.8333465533416946
0.3333357369712172 -1.3161628718815532
0.5000036054568259 -2.974325231173493
0.0 1.0296561113730132
0.9253428779404722 1.1666750793992602
0.1666678684856086 -1.3213115935939534
0.44913598372096897 -1.1666750793992602
0.756586558882791 1.5000108163704773
0.48916740726693675 -1.8333465533416946
0.4763306430235954 -1.5000108163704773
0.6010964158724609 1.5000108163704773
0.18058321622583184 -2.5000180272841286
0.23559219391246156 3.1666895012265632
1.0000072109136517 1.8698732672500036
0.1666678684856086 -3.0254128730465486
0.8333393424280429 -0.3090284441991167
0.6666714739424344 2.7086357295884262
0.5628386938730783 -0.5000036054568259
0.2694941402570279 1.8333465533416946
0.0 0.4091074361735685
1.0000072109136517 1.1626704401489212
0.1666678684856086 -0.6889067983633916
0.0 1.6953008954535553
0.6538497999904826 2.8333537642553464
0.3547613693772109 -0.1666678684856086
0.8377769873069932 -0.1666678684856086
1.0000072109136517 1.4678794840932952
0.3333357369712172 -1.7135656265440913
0.5000036054568259 -1.3199499743628367
0.6666714739424344 0.08299879068588734
0.6659097845663775 2.5000180272841286
1.0000072109136517 -1.3374397697191711
0.1666678684856086 0.6129549488687682
0.9851962728434631 1.8333465533416946
0.846467200944752 0.5000036054568259
0.3333357369712172 -0.7631431539117082
0.5000036054568259 3.1161548322097694
0.0 -1.5605487455058342
0.6031704457813779 1.5000108163704773
0.9103455620466477 2.5000180272841286
1.0000072109136517 -2.820549177309428
0.1666678684856086 -1.6652277817530023
0.8333393424280429 0.7386380164473874
0.2909587467912481 -2.5000180272841286
0.8624662141702838 3.5000252381977806
0.1959981075959477 3.1666895012265632
0.936706610218582 -0.8333393424280429
0.31772752541486393 -0.5000036054568259
0.6546266548282265 -3.1666895012265632
0.2544835786562254 2.1666822903129117
0.0 -2.5461690460118698
0.3697130494835955 0.8333393424280429
0.3333357369712172 -1.0588637372362553
0.42033829249828925 -1.8333465533416946
0.4551922491919854 0.1666678684856086
0.5784557310761026 3.5000252381977806
0.23142191645119314 0.8333393424280429
0.1666678684856086 1.3052524488909336
0.3333357369712172 -2.1393095623365856
0.8244627736041842 -0.8333393424280429
0.5000036054568259 -0.5852734488690841
0.8538260509291823 2.8333537642553464
0.1666678684856086 0.42738050793168414
0.7541771345164934 -0.1666678684856086
0.0 0.12038644028240686
0.1717100013761138 -1.8333465533416946
0.3528930662176074 -1.1666750793992602
0.7634265383752884 1.5000108163704773
0.5000036054568259 2.8484345433322398
0.9233449435012342 2.8333537642553464
0.3333357369712172 0.24351278974884538
0.1666678684856086 2.0561743233813763
1.0000072109136517 0.44602664980497186
0.5000036054568259 0.5838920011255246
0.1666678684856086 -0.5444232887847678
0.6932443026981088 -3.1666895012265632
0.0 2.9711129153404157
0.5000036054568259 0.6152825652043425
0.0 -0.8977333922937794
0.8333393424280429 -2.6054210391004933
0.5177707607144836 -2.5000180272841286
0.5000036054568259 -2.3550066334129873
0.6692680303048735 -0.1666678684856086
0.6101179488594297 3.1666895012265632
0.3333357369712172 -1.8658145561993689
0.908474696239028 0.8333393424280429
0.9756068064566613 0.5000036054568259
0.7369627901433653 -0.1666678684856086
0.5000036054568259 -2.3851308640079303
0.5937042022272513 3.1666895012265632
0.0 -1.0790646031391997
0.8597013104184195 2.8333537642553464
1.0000072109136517 -3.036200486873642
1.0000072109136517 0.4746363971384602
0.1666678684856086 -2.0106974570006124
0.9202236482203374 2.8333537642553464
0.7064248657611756 0.5000036054568259
1.0000072109136517 -2.4085466762555514
0.09508468572427964 1.1666750793992602
0.09020198972411941 -2.5000180272841286
0.6002710467137162 -2.8333537642553464
0.5000036054568259 0.3347816647688151
0.8333393424280429 0.4526444258947313
0.3064746707901166 3.1666895012265632
0.8333393424280429 -0.07103688368806038
0.0 1.1793505687251455
0.1666678684856086 1.7602209516631504
0.0 -2.9466411828414962
0.8333393424280429 2.1775869909055974
0.3333357369712172 2.6820183898125816
0.8195148382231144 0.8333393424280429
0.0 2.3378588797463538
0.8333393424280429 -2.4936528422050235
0.030270572375248106 3.5000252381977806
0.09794140803818818 0.1666678684856086
0.5739498951122086 -2.8333537642553464
0.9878114349277153 -0.8333393424280429
0.2357827686504722 -0.8333393424280429
1.0000072109136517 -0.43082220380441694
1.0000072109136517 -1.2450793902659376
0.19586124969168361 0.1666678684856086
0.2771617078490698 -1.1666750793992602
0.7110271676522035 -1.1666750793992602
1.0000072109136517 3.113129140464596
0.3333357369712172 -3.0557110614330614
0.6666714739424344 -0.6753768735811998
0.1666678684856086 0.5856376906993148
1.0000072109136517 -2.9671181643375615
1.0000072109136517 1.5834774601929755
0.1478863507210939 0.1666678684856086
0.1666678684856086 3.08549719069447
0.0 -1.0415301828673726
0.13576870578516198 3.1666895012265632
0.5000036054568259 0.8397692753157147
0.0 -1.5367575833102571
0.8333393424280429 0.7863058755745649
0.0 1.9498756507777424
0.3333357369712172 -2.7237290662464244
0.8333393424280429 -1.1559122045185648
0.5000036054568259 1.8364607414409697
0.6023210992275662 -3.1666895012265632
0.4607770894617248 -2.1666822903129117
0.5000036054568259 -0.12794936771854593
0.325101694475487 2.5000180272841286
0.1666678684856086 -1.8969389719508492
0.0 2.6488377863618693
0.8829682106275442 -3.1666895012265632
0.8333393424280429 -0.4122845013149967
0.0 -1.3384692448737094
0.0 -1.2315450224444269
0.8333393424280429 1.961230176653757
1.0000072109136517 -1.8988780272219328
0.5122421559134418 -0.5000036054568259
0.1666678684856086 -2.932482469110186
1.0000072109136517 1.6462869776216458
0.8333393424280429 -2.9124639788895244
0.6666714739424344 -0.9224300002403725
0.0 0.9707001460471618
0.8146346375543642 1.8333465533416946
0.49126243142441306 -2.1666822903129117
0.43984857698989965 3.5000252381977806
0.41511065418983717 0.1666678684856086
0.8333393424280429 -2.6703791020264123
0.6666714739424344 0.2633496752887172
0.6666714739424344 -3.0091776631741602
0.8905892630453276 -0.5000036054568259
0.3829467146237555 -1.1666750793992602
0.2005378249737615 -3.1666895012265632
0.0 -2.8345687545261034
0.6591499834097173 1.8333465533416946
0.13055485548737245 1.5000108163704773
0.1666678684856086 -2.4900650486377227
0.6666714739424344 2.163960302840131
0.6666714739424344 -0.8825611949551115
0.30354946062146837 1.1666750793992602
0.8333393424280429 2.868250651022847
0.5000036054568259 -2.334957520630105
0.5000036054568259 -1.507787594700275
0.5077601825585147 2.1666822903129117
0.5517539445330195 -2.5000180272841286
0.1547782164236967 -2.1666822903129117
0.8333393424280429 -0.37053148599399455
0.3333357369712172 -1.6074664704164232
0.8333393424280429 0.45412192588673417
1.0000072109136517 -1.3335510783031639
0.05199647208434943 3.5000252381977806
0.0 0.44583854671075773
0.8849138524292904 1.1666750793992602
0.8333393424280429 2.037648066084775
0.5000036054568259 -2.599970517210499
0.9115718254619541 -0.8333393424280429
0.1798806616003883 -2.8333537642553464
0.9796793134237741 2.8333537642553464
0.6511777242852066 2.1666822903129117
0.8057587035725268 2.5000180272841286
1.0000072109136517 -1.5513426377938135
0.0 0.2580270692391773
0.9481659390614935 1.8333465533416946
0.0 -0.8483169369876529
1.0000072109136517 -1.3170004759784968
0.0 1.1050975390165672
0.6666714739424344 1.6572757371369002
0.3333357369712172 2.9889532021937777
0.1666678684856086 2.435705476147289
0.5000036054568259 1.0272080478505936
0.24604483802685329 1.8333465533416946
0.8741636772766928 2.1666822903129117
0.3333357369712172 -1.7640341453053798
0.8333393424280429 -0.23382182041503352
0.0 0.45445840051281605
0.6723751833819281 1.5000108163704773
0.5089575524686423 -2.8333537642553464
0.6666714739424344 -0.13495130313786596
1.0000072109136517 0.037056543245995055
0.0 -1.9871422231739218
0.2863278086494274 -1.1666750793992602
0.833374148339703 -3.1666895012265632
0.2807991746087303 -0.8333393424280429
0.31116998761333514 1.1666750793992602
0.3333357369712172 1.8235513872920777
0.5081849445824709 -1.8333465533416946
0.11225043570910131 -1.1666750793992602
0.1908160917322379 2.1666822903129117
0.3700507214972123 3.5000252381977806
0.15836508226797352 0.5000036054568259
0.0 2.6351872183812572
0.8333393424280429 1.010054593905549
0.3333357369712172 -0.6422833103262446
0.1666678684856086 0.6737626277802988
0.4892032015176341 -2.8333537642553464
0.7031874931316008 -0.5000036054568259
0.2632480692021113 2.1666822903129117
0.8333393424280429 -1.7762757419316813
0.9107400126660119 3.1666895012265632
0.6666714739424344 -0.3311889375535393
0.5000036054568259 -2.614340460730712
0.3333357369712172 -0.0015549455621632902
0.8333393424280429 2.680406980579284
0.1666678684856086 0.162131684021936
0.8050519588082695 3.1666895012265632
0.5511936058131873 0.1666678684856086
1.0000072109136517 -2.9275693908738436
0.4286293370473353 3.1666895012265632
0.568907737524118 -3.1666895012265632
0.6666714739424344 -1.7926346364455865
0.1666678684856086 -1.0325524206760655
0.1666678684856086 2.241818683800605
0.3333357369712172 1.9769346024061587
0.19051414733709326 -2.8333537642553464
0.8333393424280429 2.4291278696915084
1.0000072109136517 -0.12504846658691493
0.0 -1.6140050429536108
0.5000036054568259 -0.2641924918327563
0.8333393424280429 1.1167365460965097
1.0000072109136517 0.9332255488588013
0.1666678684856086 -1.4704009430733644
0.6017156772874555 -1.5000108163704773
0.1666678684856086 -0.007362003558792463
0.8333393424280429 -2.839306208747016
0.8045596586962735 1.1666750793992602
0.5000036054568259 1.1307719734253165
0.8333393424280429 -0.48967207507352795
0.6941354411440276 1.8333465533416946
0.0 -2.526763051225574
0.6687207053673586 1.1666750793992602
0.3333357369712172 1.6783503264569077
0.791823868858765 -1.1666750793992602
0.5308294685027765 1.5000108163704773
0.5723580756043746 -1.8333465533416946
0.8333393424280429 -1.9075156874505341
0.5000036054568259 -2.698578841850292
0.8333393424280429 -1.691241544071621
0.8111042820482008 1.1666750793992602
0.7549878264207818 -0.8333393424280429
1.0000072109136517 -0.7654530767322978
1.0000072109136517 -2.54674581806081
0.7540170553713959 3.1666895012265632
0.1666678684856086 -1.8449476120540447
0.6666714739424344 1.5229594902908286
0.16187617333144066 2.1666822903129117
0.366915645585397 2.8333537642553464
0.08656638459855093 -1.1666750793992602
0.6153390955798661 0.5000036054568259
0.7521896429321802 1.5000108163704773
0.3333357369712172 0.4962159911171238
0.6202876359167563 1.5000108163704773
1.0000072109136517 1.9497245705282422
0.9719491387776988 2.5000180272841286
0.6666714739424344 0.6306055651840015
0.8333393424280429 2.2751922337855603
0.04473344107871502 -1.1666750793992602
1.0000072109136517 -2.322094229443299
0.5257155514130837 1.8333465533416946
1.0000072109136517 -1.8449088001349876
0.1666678684856086 -0.24074726011402614
0.08281573432356915 -0.5000036054568259
0.13969730828243432 -1.1666750793992602
0.13966323283822546 3.1666895012265632
0.1666678684856086 -2.86321713244377
0.4876809313240571 2.1666822903129117
0.41528270012646373 0.8333393424280429
0.5000036054568259 0.17360264199793907
0.4343980521674021 -0.8333393424280429
0.1666678684856086 -1.0833358989931257
0.1666678684856086 -3.0486907041002693
0.5000036054568259 -2.8441681529735647
0.1666678684856086 0.9180828809107267
0.3333357369712172 -1.6664839236384286
1.0000072109136517 2.577982572424192
0.4724383715936773 -0.1666678684856086
0.5000036054568259 2.7723434755498255
0.4429643604712701 -2.8333537642553464
0.1666678684856086 1.183327958220084
0.34782535511837764 2.5000180272841286
1.0000072109136517 2.0799623578698077
0.1666678684856086 2.8241161082776047
0.0 1.7479046446317223
0.1666678684856086 -1.5365833050907387
0.5000036054568259 -0.09111180239964423
0.8333393424280429 -0.20921751942802214
0.1666678684856086 -2.616308412640532
0.6666714739424344 2.6153724727334087
0.1666678684856086 -0.9602620721753614
0.604121420375921 0.1666678684856086
0.0 1.380050864562513
0.6666714739424344 2.6326993908183347
1.0000072109136517 0.7778952357634492
0.5000036054568259 -1.4211700844548905
1.0000072109136517 -0.7628825310848382
0.0 0.05022343335790458
0.04299875024677724 0.1666678684856086
0.9173947190698731 -0.1666678684856086
0.5000036054568259 -2.6977000111158995
0.6666714739424344 -0.4059230640121472
0.7133750324633423 1.8333465533416946
0.1666678684856086 0.8504328224077091
0.9303051978609711 1.1666750793992602
0.5146319211142967 -2.5000180272841286
0.1666678684856086 1.1294715400373576
0.6666714739424344 -0.721038288829059
0.34125625071414023 2.5000180272841286
0.1666678684856086 -2.6451575205617943
0.2514208880685995 0.1666678684856086
0.5723831672966154 -1.1666750793992602
0.17099707579113732 2.8333537642553464
0.0 -1.176054542451821
0.10789844521231118 -2.8333537642553464
0.6561055357468589 -2.5000180272841286
0.4203156662600972 -1.5000108163704773
1.0000072109136517 0.7168537762747489
0.5000036054568259 3.0861162698414946
0.7301952766665665 3.1666895012265632
0.3333357369712172 2.264571720135338
0.6684960773739268 3.1666895012265632
0.6892465827489351 -1.8333465533416946
0.9033285134922517 3.1666895012265632
0.698612196952796 0.1666678684856086
0.7202064129998694 2.5000180272841286
0.785832366602707 1.5000108163704773
0.5551561577160488 1.5000108163704773
0.7372825340838248 -3.1666895012265632
0.09141652606840289 -1.1666750793992602
0.1291566698533032 -3.1666895012265632
0.5000036054568259 -2.0779938726834226
0.6666714739424344 -2.9953237627458944
0.6666714739424344 2.6549038396227154
0.5660850864703584 1.5000108163704773
0.5000036054568259 0.1630809536737141
0.17487971996534402 1.5000108163704773
0.03683432164087019 -3.1666895012265632
0.9183348524702837 0.5000036054568259
0.7803621591251888 1.1666750793992602
0.3333357369712172 -2.683866529970045
0.1666678684856086 0.42844734950356544
0.2583012479150839 -2.5000180272841286
0.06211795156357136 -1.1666750793992602
0.8333393424280429 -0.5638351261111212
0.8783281831405989 -1.1666750793992602
0.1666678684856086 -2.7498154958815872
0.42357472072630975 -1.5000108163704773
0.6666714739424344 0.6569514852304823
0.049340692714150425 -1.5000108163704773
0.3333357369712172 0.22154402590513111
1.0000072109136517 -1.8330162738163844
0.5018122111091701 0.1666678684856086
0.3333357369712172 -0.5314792720254502
0.22015345477964499 1.8333465533416946
0.23410406063463152 -2.5000180272841286
0.1666678684856086 1.2952666801096795
0.35041455627323026 0.8333393424280429
0.8851784985929075 0.1666678684856086
0.061679254005282624 -0.1666678684856086
0.6478493283484386 3.1666895012265632
0.7358182512129816 -0.8333393424280429
0.1666678684856086 -1.9176165051300673
0.141300327785845 1.8333465533416946
0.17945102494155862 2.1666822903129117
0.6666714739424344 -2.317957776584089
0.3333357369712172 -0.5705823001914836
0.5000036054568259 -0.07696011427489058
0.3333357369712172 -1.1439022770314247
0.1666678684856086 0.9279773930139745
0.5779031634290448 0.5000036054568259
0.9591702896761003 1.1666750793992602
0.6666714739424344 -0.45654529212801487
0.5432979450054956 -2.5000180272841286
0.2820555247032901 -0.8333393424280429
0.6666714739424344 -2.595722711705071
0.1666678684856086 1.9013015599716443
1.0000072109136517 -2.8421561562548594
0.6666714739424344 -1.64615847540703
0.4200643268625862 -0.5000036054568259
0.8333393424280429 0.8886329185934869
0.5000036054568259 -0.197136469325899
0.3333357369712172 -3.0102862043832377
0.2979795243760315 -2.5000180272841286
0.6348622155238551 -1.5000108163704773
0.5000036054568259 -1.304375064621209
0.7814446337579131 3.5000252381977806
0.24309670855207743 -2.8333537642553464
0.1666678684856086 1.8879164546007674
0.6666714739424344 2.3741432813153756
0.6666714739424344 -0.837303886102231
0.5000036054568259 0.06701684543081621
0.7639579285663055 2.1666822903129117
0.8333393424280429 2.0052862242962215
0.0 2.1159332693842625
0.4890676237568051 0.8333393424280429
0.8333393424280429 -2.042022084947041
0.5611781932294848 2.1666822903129117
0.1666678684856086 0.896071801007885
0.8045056134478918 1.8333465533416946
0.3847421335643547 -2.1666822903129117
1.0000072109136517 0.052871327670823476
0.8333393424280429 -1.4056280912535093
0.1666678684856086 -1.7610668481052758
0.75148940896456 -0.1666678684856086
0.5000036054568259 -1.7279279108962442
0.9263594308868469 -0.1666678684856086
0.922688694376758 1.5000108163704773
0.1666678684856086 0.1061452204529374
0.0 -1.316577851358203
0.33926760553866697 0.5000036054568259
0.2344056931551668 -0.5000036054568259
0.6185385284856125 1.8333465533416946
0.5000036054568259 -1.7892804330640308
0.0 -1.6918976916645347
0.5926688593997507 1.1666750793992602
0.0 -1.9706016817297007
0.34713323920269756 -2.5000180272841286
0.5304429807780446 1.1666750793992602
0.2411872237644067 1.1666750793992602
0.5751251014318284 1.8333465533416946
0.2922477594447185 3.1666895012265632
0.047501791542236105 -0.1666678684856086
0.1666678684856086 -1.1713919382694853
0.1666678684856086 -0.3968857350316384
0.3333357369712172 -3.0671067022279668
0.6666714739424344 -2.6959222553646
1.0000072109136517 -1.5804629263400345
0.6815951078549243 3.1666895012265632
0.6666714739424344 -0.6443333966999298
0.5000036054568259 1.9250756072772068
0.388636205402319 0.8333393424280429
0.2895498234396432 2.8333537642553464
0.3491605130906932 1.1666750793992602
0.15921859079288614 -2.8333537642553464
0.3227540221712991 3.5000252381977806
0.44670469403013946 -0.5000036054568259
0.5000036054568259 -2.577550790255701
0.945111145519889 -0.8333393424280429
0.8333393424280429 1.5422075135369653
0.5000036054568259 -1.4003822182901604
0.03798678608226902 1.8333465533416946
0.5347832757722367 3.1666895012265632
0.0 0.617776383280034
0.5000036054568259 2.4822993355205814
0.8333393424280429 1.3041355819667748
0.8333393424280429 -1.907937254061942
0.8155334601241377 3.1666895012265632
0.13203686042449692 2.1666822903129117
1.0000072109136517 0.922592350428916
0.32937416256533536 1.8333465533416946
0.9746880817011944 -1.5000108163704773
0.1666678684856086 2.688428131501877
0.6666714739424344 -1.4020027640671864
0.8930145251584968 1.8333465533416946
0.5000036054568259 -3.1345935537057708
0.1144495788536043 0.8333393424280429
0.3333357369712172 2.7599309076659146
1.0000072109136517 -1.7096825534603182
0.8333393424280429 0.4803777272976153
0.3033398005405591 3.1666895012265632
0.35497620099783544 -2.8333537642553464
0.8360093552889131 -2.5000180272841286
0.8333393424280429 1.7073370091379312
0.3333357369712172 -0.7529661821666687
0.9790330157557606 0.8333393424280429
0.7662856483606191 -3.1666895012265632
0.6666714739424344 -2.2177004829055633
0.7552625999915288 1.5000108163704773
0.8075913755816458 3.5000252381977806
0.632692381518615 2.1666822903129117
0.6182013061298816 1.5000108163704773
0.8333393424280429 1.136921746225724
0.45537886660906224 0.8333393424280429
0.3333357369712172 -1.8069063639880056
0.5000036054568259 2.9246238231819026
0.6759530904489977 1.5000108163704773
0.5000036054568259 -1.8673055839753794
0.417778590198315 1.1666750793992602
0.8333393424280429 2.481969571511022
0.6570344248320875 -0.5000036054568259
0.0 -1.529531561421535
0.8676594906752644 1.5000108163704773
1.0000072109136517 1.2305427842154737
0.33151815920164396 2.8333537642553464
0.8828679103585524 -1.5000108163704773
0.46173144780055253 -1.8333465533416946
0.8270532329873536 -1.8333465533416946
0.3068283738864197 -0.8333393424280429
0.10719474411393182 3.5000252381977806
0.32983541617426504 0.1666678684856086
0.8333393424280429 -1.877295509038028
1.0000072109136517 1.581797518067937
1.0000072109136517 0.8991569114523754
0.9727390062365964 -0.8333393424280429
1.0000072109136517 -0.42888939145991545
0.8333393424280429 1.645328852603945
0.6666714739424344 2.126659604240867
0.2647263917684495 -2.1666822903129117
0.07056472887874721 -0.8333393424280429
0.8333393424280429 -2.7057098010561647
0.25462662177722495 0.8333393424280429
0.5000036054568259 -2.15048513648162
0.011584654801382155 2.5000180272841286
0.6666714739424344 -3.017360994816347
0.5816981342768446 -2.5000180272841286
0.6666714739424344 -2.2821655485970975
0.3259500103744455 -2.8333537642553464
1.0000072109136517 0.12775529442105782
0.5517330396970199 0.5000036054568259
1.0000072109136517 0.44404179358223406
0.59901466743418 3.5000252381977806
1.0000072109136517 -1.458873381503666
0.8333393424280429 1.730445154764352
0.21841327649135445 -1.8333465533416946
0.0 -2.3897811269293987
0.39588791201974916 -0.5000036054568259
0.7902481332059237 0.8333393424280429
0.08079239240591385 -2.5000180272841286
0.5765258639388293 2.8333537642553464
0.3103080729943031 -0.5000036054568259
0.33913914611958107 -2.1666822903129117
0.8333393424280429 2.086192692845416
0.8333393424280429 0.8698605067611114
0.5150157714433571 1.5000108163704773
0.2988459660606956 0.5000036054568259
0.6666714739424344 -2.7746987826209573
0.1666678684856086 -1.9307944212217216
0.18395666739742167 -0.8333393424280429
0.43883584494875094 -0.1666678684856086
0.45255960654358374 -0.8333393424280429
0.3333357369712172 1.0555568050368516
0.5537964781491865 0.8333393424280429
0.6666714739424344 1.9735242103353627
0.48247276398533556 1.8333465533416946
0.5000036054568259 0.05201592511098241
0.5000036054568259 1.1459250218120438
0.8333393424280429 -2.001861281922169
0.7135607488644176 1.5000108163704773
0.1666678684856086 0.7239496947244306
0.39422131780806713 2.5000180272841286
0.1666678684856086 -2.101211688218622
0.6666714739424344 0.7574053579816407
0.3326173298743499 2.5000180272841286
0.5650039895966121 1.1666750793992602
0.1666678684856086 0.9406648075652706
1.0000072109136517 -1.2750052265054412
0.7219470081116263 -0.8333393424280429
0.4260773727641236 2.5000180272841286
0.3424044418128559 3.1666895012265632
0.7774350049921369 0.8333393424280429
0.033680822621495854 -3.1666895012265632
0.8333393424280429 -2.4625306259429545
0.6666714739424344 2.345774404363077
0.0892427634543701 3.5000252381977806
0.49416464177172137 0.5000036054568259
0.14372200465490914 2.5000180272841286
0.47395544066910744 -0.8333393424280429
0.3333357369712172 -2.0613835188793184
0.9585633788994489 0.1666678684856086
0.6587115922816023 -0.5000036054568259
0.6877601280213346 -0.5000036054568259
0.5000036054568259 0.5271589086907973
0.9165543781637336 1.5000108163704773
0.8998666233857049 2.1666822903129117
0.3333357369712172 0.7721581537089097
0.8576334443456016 -1.5000108163704773
0.947090663604376 -2.1666822903129117
0.7699741103093724 -2.8333537642553464
0.20743162410399674 2.5000180272841286
0.0 1.9012819540392565
0.0 1.2342235827592374
0.6666714739424344 -1.5790611180975338
0.1666678684856086 -2.499827905031759
0.687947257833269 -2.5000180272841286
1.0000072109136517 -1.0767279619469257
1.0000072109136517 -3.1059084088799382
0.5000036054568259 -2.370209927843767
0.3333357369712172 -2.231599491673744
0.5000036054568259 0.5105333350335104
0.4439157131675009 -0.5000036054568259
0.5000036054568259 1.4291713699710629
0.2073332032580354 -2.8333537642553464
0.6666714739424344 -0.8699718222953958
0.5000036054568259 0.6302224226527411
0.7977737998656923 1.1666750793992602
1.0000072109136517 0.6326347962900924
0.5000036054568259 2.1761822421990846
0.1666678684856086 2.5290095587391086
0.1417852094092319 0.1666678684856086
0.1666678684856086 -1.9761997719125248
0.9213683273155373 1.8333465533416946
0.2588965124990291 0.1666678684856086
0.6510960482324966 -2.5000180272841286
0.24134758965230463 2.1666822903129117
0.39185315884165073 -2.8333537642553464
0.0 -0.9103380752061621
1.0000072109136517 -0.6500179297269248
0.7664918172941673 -1.1666750793992602
0.4994346772713143 1.1666750793992602
0.20313455988811124 -1.5000108163704773
0.8865333377019058 -2.5000180272841286
0.0 0.122023740479972
0.8455693274414449 -0.8333393424280429
0.013155467392991782 1.1666750793992602
0.5000036054568259 -1.7832960776162923
0.5000036054568259 1.6130106308469676
0.6666714739424344 -0.3971604967317264
0.8333393424280429 -1.7958306078357713
0.058908492622590014 -0.8333393424280429
0.1666678684856086 -2.5157801705037075
0.5000036054568259 1.087394718805248
0.9071495449530806 -2.1666822903129117
0.9997366309881268 2.5000180272841286
0.6666714739424344 0.39861228109932734
0.0022459018964974264 -0.8333393424280429
0.6666714739424344 -1.640779475165016
0.38655636644579594 0.1666678684856086
0.8333393424280429 -1.5856337705057095
0.3333357369712172 -0.6342321912318156
0.5000036054568259 -3.0273112228184536
0.3333357369712172 1.7886457479724847
0.8333393424280429 2.6516998172609387
0.5000036054568259 2.7253367074064947
0.1666678684856086 1.5656106293232597
0.3624234259589515 -1.8333465533416946
0.4418510401325514 2.5000180272841286
0.4703245756290838 3.1666895012265632
0.08553308798619497 1.1666750793992602
1.0000072109136517 1.9228888659034533
0.6666714739424344 -1.7610219831521428
0.0 -1.1294636570466867
1.0000072109136517 -2.4578589913233153
0.8137271637553405 2.5000180272841286
0.22102750911570346 -1.5000108163704773
0.1666678684856086 0.8801312786497615
0.0 -2.0292299334413366
0.8075870425601454 2.5000180272841286
0.1666678684856086 0.2598633813703808
0.122677495286865 -2.5000180272841286
0.6666714739424344 -1.2927817426196286
0.5248804171478151 1.5000108163704773
0.9351124616105311 1.8333465533416946
0.1666678684856086 -2.818554425686394
0.1666678684856086 1.608703920684082
0.3333357369712172 0.3970503460426307
0.9454850944404383 2.1666822903129117
0.3333357369712172 -2.0111917748638333
0.5000036054568259 0.9827962736829061
0.0 -1.6243547542110648
0.21540989494659912 1.5000108163704773
0.06446636218443613 -3.1666895012265632
0.1666678684856086 2.0124033394594516
0.8577692902515894 1.5000108163704773
0.2558912022658748 -2.1666822903129117
0.1666678684856086 -0.9806526222789351
0.05574424774407616 1.8333465533416946
0.007479129275509977 -0.8333393424280429
0.1666678684856086 1.6501141917118547
0.4410801861563247 3.1666895012265632
0.3333357369712172 1.538934868424402
0.8333393424280429 0.012726172621233545
0.5000036054568259 2.6985008070891814
0.05457517687273128 -2.1666822903129117
0.634400943436229 2.1666822903129117
0.3333357369712172 1.1311991489742015
0.5000036054568259 -0.5896686583593094
0.5000036054568259 1.1781823022574542
0.8333393424280429 1.3954900946586246
0.8333393424280429 -2.820887294581725
0.1666678684856086 2.266696752963891
0.3333357369712172 -2.9995307716192996
0.3333357369712172 -1.4878503769691078
0.0 -1.9375502519938346
0.9402834972851993 3.5000252381977806
0.9253097427827518 -2.5000180272841286
0.5782635144352272 3.1666895012265632
0.1666678684856086 -2.4086978467084386
0.36499112920049526 2.1666822903129117
0.12159630426926493 2.8333537642553464
0.1666678684856086 0.699916361001335
0.4327165251795203 -2.1666822903129117
0.9019530260408518 1.8333465533416946
0.1666678684856086 -2.7011782666817683
0.06464069252779758 -0.5000036054568259
0.14963663823108786 -1.8333465533416946
0.6227088570701313 -0.1666678684856086
0.8540321041421621 2.5000180272841286
0.6666714739424344 -0.008814675174517284
0.41271820299346906 -2.5000180272841286
0.23289244405011844 1.5000108163704773
0.5607579933970734 0.5000036054568259
0.7801310143063707 2.5000180272841286
0.4273416487834525 0.5000036054568259
0.9426871884116376 -3.1666895012265632
0.6021928121027533 -0.1666678684856086
0.8333393424280429 -1.2042576774263791
0.6570603883016933 2.1666822903129117
0.9315217223626674 3.1666895012265632
0.8333393424280429 1.4812416515840754
0.9722052439556765 -0.1666678684856086
0.8079995013418667 -1.5000108163704773
0.6098012043941992 2.8333537642553464
0.9945457365585059 -0.5000036054568259
0.0 -1.4371414430503229
0.5646600075019174 -1.8333465533416946
0.8333393424280429 -0.21545773434788007
0.7831487862797091 -0.8333393424280429
0.33841030144968387 -0.1666678684856086
0.22800837579032585 2.1666822903129117
0.8345873460220078 2.1666822903129117
0.07420851841760112 0.1666678684856086
0.8730445446163314 -0.5000036054568259
0.09926588489799537 -1.8333465533416946
0.3873559269507125 0.5000036054568259
0.5228855965734633 0.8333393424280429
0.541638810214036 3.1666895012265632
1.0000072109136517 0.018388346669472977
0.0 0.3676369001089812
0.9128444392168263 -1.8333465533416946
0.8894367054338191 3.1666895012265632
0.5000036054568259 -1.8170411003004954
0.2740636243080813 -1.1666750793992602
0.3851208420591461 -1.1666750793992602
0.1666678684856086 0.6843479434820785
0.8333393424280429 0.6136768458909065
0.1666678684856086 -0.27528407161315416
0.1666678684856086 -1.7309108497251344
0.3919436220314165 -1.5000108163704773
0.003974597302224159 1.5000108163704773
0.4253776970790142 -3.1666895012265632
0.6666714739424344 -1.3491314205288547
0.3333357369712172 1.8024070833992916
0.1666678684856086 2.616124451820455
0.8513904224240901 -2.5000180272841286
0.16905606688842378 -1.5000108163704773
0.7521337970825948 0.8333393424280429
0.6765357842359854 0.5000036054568259
0.9513739554939887 2.5000180272841286
0.16738341895488906 0.8333393424280429
0.6596208269053668 2.1666822903129117
0.8333393424280429 -2.272930447613753
0.1666678684856086 0.3181813322960072
0.4256468327786679 -2.8333537642553464
0.1666678684856086 0.8121857367257341
0.0 -1.0443995359342053
0.5000036054568259 0.9159451951670956
0.8263343675224372 0.5000036054568259
0.6666714739424344 -3.1097601931437864
0.3333357369712172 -0.01624719207153502
0.0 -1.8800971580632801
0.3333357369712172 -2.464975372037418
0.34754989583691065 -1.8333465533416946
0.5000036054568259 2.6533540030580074
0.5000036054568259 0.6767481907500019
0.9315502174471813 -0.1666678684856086
0.9270048153951986 -1.5000108163704773
1.0000072109136517 -3.105418856669135
