0.84506742178079 3.9269908169875
0.9942754107970891 0.7853981633975001
0.26179938779916667 -0.10522458756520647
0.3850912484503577 0.26179938779916667
1.3089969389958334 -0.016440250291059222
0.4457114046626862 2.8797932657908336
1.0471975511966667 -3.089309087811702
0.36944190662803833 0.26179938779916667
0.29340244770830437 5.4977871437825
0.7853981633975001 -1.9733634052701927
0.26803457900310723 -3.4033920413891665
1.3089969389958334 1.0991953680552893
0.6396262621848481 -4.450589592585834
0.623095946462288 -4.450589592585834
0.7853981633975001 -0.008427330196294047
0.0 -1.7682215507449544
0.5235987755983333 -1.485405156633566
0.0 2.351969664709827
0.024075886709328254 -2.8797932657908336
1.0471975511966667 1.357298434841396
0.26179938779916667 2.18707009476707
1.0471975511966667 2.7533906913612665
0.2412742655652329 -4.9741883681841665
0.2211588297865943 0.26179938779916667
1.5707963267950003 -1.3753779720924784
0.0 -1.7714292399504954
0.034416274798449664 3.4033920413891665
0.26179938779916667 -1.5449979211150606
0.26179938779916667 -1.4618830568568588
1.0471975511966667 -2.4596152857801266
1.0471975511966667 -0.3903945018160786
0.050564680110619875 -1.8325957145941667
1.5707963267950003 -1.2583425412611555
0.5305940403623697 -4.9741883681841665
1.5707963267950003 -0.3753724838697621
0.5235987755983333 -0.8212349766707865
0.26179938779916667 1.2586800006632801
0.2235941805211663 1.3089969389958334
0.8241930817966461 2.3561944901925
0.7443913166659079 0.7853981633975001
0.7190295926422646 -2.3561944901925
0.0856955907192537 1.8325957145941667
0.7465371431527799 -0.7853981633975001
1.5707963267950003 -2.8709019601136307
0.6109762592378605 -2.8797932657908336
0.3727898529484309 4.9741883681841665
0.27839302832341284 -2.3561944901925
0.7853981633975001 3.034656189119117
0.5835781561506056 0.26179938779916667
0.9077228003688991 1.8325957145941667
0.7853981633975001 2.1463028875803722
0.39842795559516564 -4.450589592585834
0.15942311432694745 -1.3089969389958334
0.20533764412950684 -1.8325957145941667
0.26639058626791834 1.8325957145941667
0.2598217287806458 -4.450589592585834
0.0 -2.096278812015777
0.5235987755983333 0.9330483307374342
0.5932004627977032 -2.8797932657908336
0.7853981633975001 -3.0734926793647026
0.7484297838859154 -3.9269908169875
1.5707963267950003 1.2031260057433517
0.9400594928915125 -1.8325957145941667
1.3089969389958334 1.314598079269559
0.7853981633975001 0.833636182773621
0.0 2.2530995201141426
0.03115611575123234 -3.4033920413891665
0.6161615668034455 0.7853981633975001
0.7282163710588991 -0.7853981633975001
0.7038209015658627 -0.7853981633975001
1.3089969389958334 0.360329033288751
0.7760146787719335 2.3561944901925
0.7853981633975001 2.9865360613213126
1.0471975511966667 3.015987570925186
0.26179938779916667 -2.996990768869518
1.3089969389958334 0.7286552273626046
1.0471975511966667 1.8796934820515965
1.5707963267950003 1.247562512650017
0.9783836585901733 1.8325957145941667
0.2634490176387264 2.3561944901925
0.41861839243291366 -4.9741883681841665
0.26179938779916667 -2.2405739254811667
0.26179938779916667 -3.018005843024483
0.6470721855936074 -3.4033920413891665
0.1906357959902404 -2.3561944901925
1.0471975511966667 -3.108058402588082
1.3089969389958334 -0.2703115412068091
0.5235987755983333 -1.9113023421830073
0.465705244716484 2.8797932657908336
0.0 -0.07022515192879908
1.5707963267950003 -2.683600087367163
0.9374252096191557 -0.26179938779916667
0.7867769306376576 4.9741883681841665
1.0471975511966667 -1.758946920719417
0.9289491170122074 -0.7853981633975001
0.12409100041157473 -3.4033920413891665
0.3688670113853161 -2.8797932657908336
0.9514522011167218 -1.3089969389958334
0.8280623884228512 0.7853981633975001
0.9889915743719738 -4.9741883681841665
0.9716786714532551 3.4033920413891665
0.8091829875102905 -3.9269908169875
0.7300359856202648 -2.3561944901925
1.3089969389958334 -0.646790391194588
1.0471975511966667 -0.946984907457169
1.0471975511966667 -0.4812741511746621
0.5018526737820121 -0.26179938779916667
1.5707963267950003 -1.565749977868283
0.3925551536249364 -2.3561944901925
0.3142710084193423 -4.450589592585834
0.4347765424444524 -4.9741883681841665
0.33149894239858546 -1.8325957145941667
1.0471975511966667 2.7682076589481897
0.0 -2.061429219220397
0.6162147888337365 3.9269908169875
1.0471975511966667 3.1408275166591464
0.5235987755983333 2.7133974681347777
0.5235987755983333 2.818383856479361
0.5235987755983333 -0.7917123122024265
0.6756207435153844 -1.3089969389958334
0.636892240481468 -4.9741883681841665
0.5235987755983333 1.011348729981731
0.5235987755983333 0.1098003879858469
1.0471975511966667 -2.511327417875946
0.6705326108244573 -0.26179938779916667
1.0471975511966667 -2.8474396118271437
0.6782109662862559 -2.3561944901925
0.0 1.6918458724215988
0.26179938779916667 -1.0309344809921162
0.26179938779916667 -0.3873332381700729
0.38530555128432764 -4.450589592585834
0.05565249790822757 0.26179938779916667
0.6615961485946107 -1.3089969389958334
0.7096288248797169 1.8325957145941667
0.5235987755983333 -2.4036057184217032
0.7177029198729958 2.3561944901925
0.2566231308966974 1.3089969389958334
0.0 0.7781864709838158
0.5235987755983333 1.471099896683894
1.0471975511966667 -2.2130779657426287
1.3089969389958334 -0.8388739296531926
0.7853981633975001 2.7330203735498113
0.85687744428532 5.4977871437825
1.5707963267950003 0.03410548819435544
0.5451954184709156 -0.26179938779916667
0.9985276950376425 4.9741883681841665
0.0 2.863755165048243
1.5707963267950003 0.13612703313841656
0.989645914283307 -2.3561944901925
0.026149570638972275 -1.8325957145941667
0.10379593288125166 2.3561944901925
0.1687930254267198 3.9269908169875
0.21144838168610458 -4.9741883681841665
0.8147447880740194 -1.3089969389958334
0.0 0.17953880160089852
1.0471975511966667 -0.7498267512789685
0.16450978535908278 -2.3561944901925
0.678096953090053 1.8325957145941667
0.7853981633975001 1.4320325419599307
0.06989964496839884 -1.8325957145941667
0.35461282548822026 -1.3089969389958334
1.3089969389958334 2.6429943188056937
0.4973549724056944 -3.4033920413891665
0.7853981633975001 0.14515455395655685
0.26179938779916667 2.3568825654655514
1.3089969389958334 1.0600756814969534
0.7853981633975001 -2.1444474664820836
0.26179938779916667 2.7866984884342036
0.9432554207415308 5.4977871437825
0.0 -0.8219987311578425
1.3089969389958334 -1.1333789682766797
1.0471975511966667 2.2255486322085023
0.8809977586416411 -3.9269908169875
0.20962387832787865 -2.8797932657908336
0.17149012233328775 0.26179938779916667
1.5707963267950003 -0.089736590833287
0.4738019346158775 -1.8325957145941667
0.8125765955497795 3.9269908169875
0.26179938779916667 1.8305385094428397
0.26179938779916667 -0.0880444704055856
0.26179938779916667 1.8780777870477934
0.36368434890397894 -4.450589592585834
0.4203999367359017 0.7853981633975001
0.9125169145389431 -3.4033920413891665
0.01244619421116755 -3.4033920413891665
0.30026494799989134 -0.26179938779916667
0.5235987755983333 -1.3750504415597709
0.0 -1.0685945171002937
0.5235987755983333 1.21420222746886
1.0471975511966667 -1.3514822466310532
0.8774641008321654 2.8797932657908336
1.3089969389958334 1.3234252066286283
0.5235987755983333 2.78298465302451
0.3157442670067806 2.3561944901925
1.0471975511966667 0.6139220422541554
0.850455436068712 -2.3561944901925
0.7275500312094181 1.3089969389958334
0.7853981633975001 -0.040044657386427485
0.9099397813841347 -2.3561944901925
0.4409408979256564 -1.8325957145941667
0.47505235270175483 3.4033920413891665
0.9379394520546278 2.8797932657908336
0.16211475133749376 2.3561944901925
0.5689046752493601 -2.3561944901925
0.010447974217355216 5.4977871437825
0.7853981633975001 -1.29551336335366
1.5707963267950003 -1.8681037286474853
0.7853981633975001 -1.5597306213837254
0.13294214753927136 0.26179938779916667
0.26179938779916667 -1.5298507775568557
0.24859224513139566 0.26179938779916667
0.7880747268910349 1.8325957145941667
0.39063268277149044 -3.9269908169875
0.5235987755983333 -0.24358537329152075
1.0471975511966667 -2.43109497841591
0.7853981633975001 1.5249528999307813
0.12215837088012538 5.4977871437825
0.8345212824670386 -1.8325957145941667
0.48417553323154294 -2.3561944901925
0.9609724876723135 -3.9269908169875
0.48724611697223164 4.9741883681841665
0.7853981633975001 2.1010843222020608
0.0 -0.08900240906973567
0.2770999825106467 4.9741883681841665
0.7853981633975001 -0.17891559391786416
0.5235987755983333 0.5100044402832489
1.0471975511966667 1.3621117588626577
0.7247536580769204 1.3089969389958334
0.08722953388328802 -4.9741883681841665
0.9119756312654612 5.4977871437825
0.5198111507737432 -2.3561944901925
0.5651580859919236 4.450589592585834
1.5707963267950003 1.8764695974860484
0.1652415850379383 -1.8325957145941667
0.5042605187599782 1.8325957145941667
1.3089969389958334 0.045478719873385476
1.5707963267950003 -2.3823000000633487
0.06678592773592218 2.8797932657908336
0.06609380977733426 -3.4033920413891665
0.6778467030378262 4.9741883681841665
0.6473508380174855 -0.26179938779916667
0.3526844034654796 4.450589592585834
1.5707963267950003 -0.7955684969876073
0.7183880851493318 4.9741883681841665
0.0 -2.9873082455542006
0.08217621329576497 1.3089969389958334
0.0 0.03579125565385288
0.502397535006089 4.450589592585834
0.5235987755983333 3.1324965822730553
0.0 1.0212074941541784
0.6675486547557583 -1.8325957145941667
0.0 -0.8027421823917651
0.0 -3.079661203593404
0.01973647772662246 1.8325957145941667
0.10217187443782605 -4.9741883681841665
0.23459887583905292 1.8325957145941667
0.691910154785606 -3.4033920413891665
0.5634071777525915 4.450589592585834
0.4300001899367266 1.3089969389958334
0.057125645250306833 2.3561944901925
0.47519071062249896 -2.3561944901925
0.4551516737569937 -3.9269908169875
0.8602622202517921 4.9741883681841665
0.7853981633975001 -2.940043755256231
0.5235987755983333 1.6648034138187313
0.4102954018390861 -2.8797932657908336
0.9604757464190986 -0.26179938779916667
0.0 -0.7498764834569069
0.26179938779916667 2.671906904784474
1.0471975511966667 -2.1180792577326084
0.10844267014736342 3.4033920413891665
0.9528661507738592 3.4033920413891665
0.34658307245977493 -0.26179938779916667
0.7935105651720638 5.4977871437825
0.9335681892268046 3.4033920413891665
1.5707963267950003 2.670227590420237
0.7853981633975001 0.787783079421839
1.5707963267950003 2.1368126685188784
0.7853981633975001 -2.660786708107008
0.26179938779916667 1.5894402768400928
0.06258277816624624 -4.9741883681841665
1.3089969389958334 -1.4236132380104252
1.5707963267950003 2.3151473970420904
0.0 -2.0017069478611584
1.0471975511966667 -1.363090287299468
0.7198890376676685 -3.4033920413891665
0.9640205800122983 -0.26179938779916667
0.1785489147123841 -1.3089969389958334
0.7211973913211448 0.7853981633975001
0.0 1.5465801472155407
0.42037522824142703 -1.3089969389958334
0.3368024531763407 1.3089969389958334
1.3089969389958334 -1.7195691371198552
0.5235987755983333 -2.561069342279332
0.7365248646732475 -2.8797932657908336
0.48774217671994824 2.8797932657908336
0.46545509411957664 5.4977871437825
0.7853981633975001 -2.8390237302009638
1.5707963267950003 0.3140344992439563
0.0 -0.9166362745890217
0.3768318441542916 3.9269908169875
0.95808776182827 3.4033920413891665
0.9604453586193437 3.9269908169875
0.035455340339931474 4.9741883681841665
0.5239109698782677 4.9741883681841665
0.9172932077448915 -2.3561944901925
0.26179938779916667 -1.1978296543441844
0.7244027797104704 -2.3561944901925
1.5707963267950003 -1.5791560870766335
0.0 -2.149406454630315
0.6234960112596275 -1.3089969389958334
1.0471975511966667 -3.0290215104668077
1.5707963267950003 3.082053165192569
1.0471975511966667 2.1288977489695586
0.7853981633975001 1.299931882343917
0.5235987755983333 -1.3155958583476257
1.5707963267950003 1.3147746205371709
0.3661844353999897 -3.4033920413891665
1.0471975511966667 2.909734579674547
0.0642361299291947 1.3089969389958334
0.18803549119074447 -3.9269908169875
0.5235987755983333 0.25037266417164616
0.7290931930069856 0.26179938779916667
0.0 0.8663336652107247
0.0 -3.1121263665498033
0.26179938779916667 -1.2889601283699872
0.7294610199375814 -0.26179938779916667
0.26179938779916667 -3.023125789259001
1.0471975511966667 -1.3402533394626905
1.3089969389958334 3.048146433487598
0.9509586365259508 0.26179938779916667
0.8659758340596567 1.8325957145941667
0.35010183667915484 1.3089969389958334
1.5707963267950003 1.0709468344129363
0.5884189603505445 -0.26179938779916667
0.29324943679676607 2.3561944901925
1.5707963267950003 2.6319939965506984
0.7853981633975001 -1.548039358332737
0.9278704270019039 -4.9741883681841665
0.0 2.309168225269616
0.5235987755983333 0.14506071744364224
1.3089969389958334 -0.4427734343712908
0.0 -2.9874270482705483
0.0 -2.2985219645296855
0.6843850759409849 -4.9741883681841665
0.5865632414961772 1.8325957145941667
0.7946933952222068 -1.8325957145941667
0.032813240444873104 -4.450589592585834
0.007482211043803977 0.26179938779916667
0.459360456070554 1.8325957145941667
0.016976942825847607 1.3089969389958334
0.46544784292440033 -2.3561944901925
0.8058999137735475 -1.8325957145941667
0.0 -0.704410260838809
1.3089969389958334 0.8801476205344327
0.48975388483610216 1.3089969389958334
0.26179938779916667 -0.1273911564705057
0.5235987755983333 1.075451152238288
0.5182188552276922 4.450589592585834
0.11508266859285776 -3.9269908169875
0.1545256440640892 3.4033920413891665
0.09588892375118374 -1.3089969389958334
0.6701672368118203 4.9741883681841665
0.37559445499515587 1.8325957145941667
0.2797734548052049 -4.450589592585834
0.26179938779916667 -2.28396978040344
0.5187343620875301 -4.450589592585834
1.0471975511966667 -1.3458213001462764
0.26179938779916667 -2.3254620192102498
0.9453532832255617 5.4977871437825
0.33808459603185237 -4.450589592585834
1.3089969389958334 -0.9104352791459318
0.3800962969078625 4.450589592585834
0.3714779421436316 2.3561944901925
0.8750567618974004 -2.3561944901925
1.5707963267950003 -1.0240411702302397
0.9191918241827116 -3.4033920413891665
0.26179938779916667 -1.5940516847296287
0.5235987755983333 0.37856062919966815
0.16404120834316782 4.450589592585834
0.9149806655649088 -3.4033920413891665
0.2869912608497198 -4.9741883681841665
0.0 0.95723536379582
0.5438431831886438 -3.4033920413891665
1.3089969389958334 0.9213132036318248
0.4429637705375067 2.3561944901925
0.06414604838390547 -4.9741883681841665
0.6605383714327094 2.3561944901925
1.5707963267950003 1.4872260176552956
0.23557909676553557 0.7853981633975001
0.21989040373303737 5.4977871437825
0.26603721377718914 -0.26179938779916667
0.0 -1.3510520611977936
0.10880297743139067 3.9269908169875
0.7853981633975001 0.8679178087485857
1.0471975511966667 0.7897124659233223
0.0 -2.6261792537867725
0.3125941459163144 1.3089969389958334
1.0471975511966667 1.6627537108062898
1.3089969389958334 1.8803345046501816
1.5707963267950003 -0.19341406949040119
0.7853981633975001 1.8365529215789929
1.5707963267950003 2.583914865929426
0.26179938779916667 2.660690527656188
1.0471975511966667 1.9169701409363133
0.216199118444508 -4.9741883681841665
0.7853981633975001 -3.1261575884418007
0.14706068921453297 -1.3089969389958334
1.3089969389958334 -1.3993448225090432
1.3089969389958334 2.4200258344846217
0.7909989569841842 -2.8797932657908336
1.3089969389958334 -1.5895670974002338
1.0471975511966667 2.0012737693268177
1.5707963267950003 -0.6668517389856001
1.0471975511966667 -0.8059204665600603
0.0 -0.7081823397091589
0.07808614036997441 -2.3561944901925
0.6183996154482001 0.26179938779916667
0.19476099074773978 -0.26179938779916667
0.20666542657534293 3.4033920413891665
1.5707963267950003 1.5314802575344029
1.5707963267950003 -1.254369548795226
0.6610068171012394 0.26179938779916667
0.25696368633991795 4.450589592585834
0.5235987755983333 -0.5535603036927221
0.0 2.374978495999623
0.4088329743905985 5.4977871437825
1.5707963267950003 -2.381263292095061
0.5235987755983333 -2.497014925353183
0.0 1.0684897825048916
0.17777686686402694 2.3561944901925
1.5707963267950003 -2.1695293804619706
0.5235987755983333 0.8278863589444896
1.0471975511966667 2.2003366469350043
1.5707963267950003 1.0986375030366382
0.24508110443214892 -4.450589592585834
0.5235987755983333 0.46561817402808536
0.4405188253343173 -3.9269908169875
0.21021418846186013 -3.4033920413891665
1.5707963267950003 2.479694313558382
0.4974938312215126 -2.3561944901925
1.5707963267950003 1.5470266341672874
0.7853981633975001 -0.49404722950965585
0.7166812863894004 2.3561944901925
0.12396156409060788 4.9741883681841665
1.3089969389958334 2.899645632113744
0.7380894912947596 0.7853981633975001
0.9881711152794139 0.7853981633975001
1.3089969389958334 0.9113958774916107
0.8861130842582186 3.9269908169875
0.41241184656498153 2.8797932657908336
0.7647960431174378 3.9269908169875
0.8193664640361858 -0.7853981633975001
0.4537574456128193 2.8797932657908336
0.26179938779916667 0.7053016026468497
0.7170553779683841 -2.8797932657908336
0.7371751754822368 5.4977871437825
1.0471975511966667 -0.2095746588368721
0.5235987755983333 2.3168176736075754
0.26179938779916667 -0.9543522554495918
1.5707963267950003 -3.0484660505230394
0.5235987755983333 0.5454076272801323
1.5707963267950003 2.2020627088192697
1.0471975511966667 1.779065577705948
0.8058436655187514 2.8797932657908336
0.26179938779916667 -2.6185083451126987
0.5235987755983333 -0.8226248420783207
0.10734390257695348 4.9741883681841665
0.0 -2.9576084168157744
0.26179938779916667 -1.4932142614294674
0.45788516659868195 0.7853981633975001
0.21303590088893432 3.4033920413891665
0.20186314025342167 4.9741883681841665
0.0 2.629379232957932
0.7037913961903941 4.450589592585834
1.5707963267950003 -1.5635734228155327
0.5235987755983333 0.6499060944047814
0.6231742495212643 -3.9269908169875
0.5235987755983333 0.002494714795134634
0.7325937451597437 1.3089969389958334
0.8535631058154796 4.450589592585834
0.5235987755983333 0.11395452443674747
0.8637350974556416 -4.450589592585834
0.26179938779916667 -0.9217316127824491
0.7853981633975001 -1.5632405067071724
0.3387467706861872 3.9269908169875
0.26179938779916667 0.6013582805458886
0.0 -2.817629406035109
0.2953261831570866 2.3561944901925
1.5707963267950003 -1.3254233440220347
0.7853981633975001 -2.7816321260288195
0.39273012270587615 4.450589592585834
0.7853981633975001 1.6744154454937012
1.0471975511966667 -1.8821960143278142
0.7686265268484959 5.4977871437825
0.33709515033107895 0.26179938779916667
0.21144851671407883 2.8797932657908336
0.5603870537099135 -1.3089969389958334
0.5235987755983333 -1.1356382734853985
0.7853981633975001 1.599563183370134
