0.5847305180170339 -0.26179938779916667
0.001 3.0409420440323887
0.7863367826184966 1.8325957145941667
0.25000737335588097 -3.0504432654293616
0.5000147467117619 -1.6668637037931542
0.979721112726367 -0.26179938779916667
0.5833505378303889 -2.12762311471591
0.6666863289490159 2.436062895517283
1.0000294934235239 2.935346324514687
0.5968438441721677 -2.8797932657908336
0.6433046013467435 -2.3561944901925
1.0000294934235239 -2.6689458618199495
0.5833505378303889 -1.2682330761246874
0.25000737335588097 0.8448590069837967
0.746941518960766 0.7853981633975001
0.2631422931639419 1.3089969389958334
0.17892739861321305 -1.3089969389958334
0.3554383656644208 -0.26179938779916667
0.8333579111862698 2.1907929858631174
0.8741780948890432 1.8325957145941667
0.7500221200676428 2.7733629532317794
0.08333579111862699 3.100166740452221
0.25000737335588097 0.4161461017897268
0.001 2.6709125346463365
0.5293224561358175 0.26179938779916667
0.5888107682583851 0.7853981633975001
0.8333579111862698 -0.41808868466802984
0.23733183382247014 2.8797932657908336
0.031957414279393026 -2.3561944901925
0.5833505378303889 -0.9041167020298069
0.4966979099551061 -2.8797932657908336
0.8333579111862698 -2.9843127524313955
0.6773734835416141 2.3561944901925
0.001 -0.6026913483796523
0.5000147467117619 1.7291551219198862
0.8325517120339654 0.26179938779916667
0.35366267956508735 1.3089969389958334
0.6540904275713799 -2.8797932657908336
0.21511463456214142 0.26179938779916667
0.16968063984266013 -1.8325957145941667
0.08333579111862699 2.5044444709674414
1.0000294934235239 -3.030541865397765
0.3379858586618518 2.8797932657908336
0.442323595765194 -1.8325957145941667
0.08333579111862699 0.5291667406549792
0.038885455704454785 0.26179938779916667
0.6052483377080794 -0.26179938779916667
0.12871503128315287 0.7853981633975001
0.690456206107824 -0.7853981633975001
0.8333579111862698 -0.010626190748905806
0.22414011357203 -1.3089969389958334
0.24384216056891228 -1.8325957145941667
0.7013226572140803 -1.3089969389958334
0.9166937023048969 -0.8470234681140778
0.2688572475956301 -0.7853981633975001
0.4166789555931349 0.03001845526706104
0.8635402497108483 1.3089969389958334
0.9166937023048969 2.1018263652924354
0.5439912876580941 -2.8797932657908336
0.25000737335588097 -2.171478317455869
0.8333579111862698 -2.2376559906467755
0.48210051939320064 -1.8325957145941667
0.8256486412926951 -1.8325957145941667
0.001 0.5307695621753017
0.0008790700219916125 -0.7853981633975001
0.057390870549526074 -0.26179938779916667
0.5000147467117619 2.9359172634554884
0.6666863289490159 2.776238559897344
0.08333579111862699 0.34697640693405374
0.5000147467117619 -2.1035788103048585
0.905223844558894 0.7853981633975001
0.8451940163174121 -1.8325957145941667
0.08333579111862699 2.754879973833292
0.25000737335588097 2.2907574016180465
0.36945489812245524 2.8797932657908336
0.33334316447450796 2.49464347522985
0.7500221200676428 -1.0436797384964205
0.9459370277771392 -1.8325957145941667
0.001 -1.4620271918283074
0.22242307295958452 2.3561944901925
1.0000294934235239 1.3307365078635067
0.5833505378303889 1.3930144410209726
0.08333579111862699 -1.9146967275682691
0.8333579111862698 -0.5472179263813355
0.9682355067742019 -1.3089969389958334
0.9162971519015396 0.26179938779916667
0.4166789555931349 -1.2849102238471308
0.40989944674715384 -1.3089969389958334
0.25000737335588097 2.871639218630709
0.16667158223725398 2.2305107952648653
0.047630870197604924 -2.3561944901925
0.5655851021067995 -2.8797932657908336
0.9353952382319829 2.3561944901925
0.20766070515751933 -2.3561944901925
0.001 1.737569917625347
0.4642484849574229 0.7853981633975001
0.10998429580511515 -0.26179938779916667
0.16667158223725398 0.16547761298948416
0.22137720175804199 1.3089969389958334
0.715110427689058 -1.8325957145941667
0.19271002735808063 -0.7853981633975001
0.3141127028061562 1.3089969389958334
0.5833505378303889 0.8892012947770764
0.31138597138156 1.3089969389958334
0.9166937023048969 0.732734493989899
0.8740938379406393 2.3561944901925
0.5000147467117619 -2.706583004688612
0.571533595098154 0.7853981633975001
0.9166937023048969 -2.4609894807313575
0.6847124097960235 2.3561944901925
0.16667158223725398 -2.256694854119126
0.5833505378303889 0.07285071070971094
0.16667158223725398 -0.6460921355122777
0.5214287956466522 -1.3089969389958334
0.6413488895865914 -0.7853981633975001
0.08333579111862699 -1.4787246341245743
0.14539523756769124 0.26179938779916667
0.6666863289490159 2.9646621735918375
0.656002840027496 -2.3561944901925
0.17222697418706767 1.3089969389958334
0.2786551732685285 0.26179938779916667
0.052797232486106016 2.8797932657908336
0.7812688146238004 0.26179938779916667
0.9166937023048969 0.6964380121561313
0.2090834627309035 2.8797932657908336
0.25000737335588097 0.07667702071907412
0.3294965140995426 2.8797932657908336
0.8632444893440061 -1.8325957145941667
0.40702852126739286 1.8325957145941667
0.887883762222562 0.26179938779916667
1.0000294934235239 -2.879192501507168
0.6512989647550644 0.26179938779916667
0.33334316447450796 2.2813523997715057
0.08333579111862699 -3.0861124231812425
0.001 1.3370925938312093
0.2923281417358635 0.7853981633975001
0.24086747356533267 2.3561944901925
0.8333579111862698 2.2869345970654953
0.26429673763876915 -0.7853981633975001
0.7500221200676428 0.8119187874884921
0.686031750275122 0.26179938779916667
0.001 1.2433995842322902
0.40434788911048214 2.8797932657908336
0.4166789555931349 -1.6560063313557616
0.9166937023048969 -2.018548665428816
0.7485977220345608 0.26179938779916667
0.1296453006646684 1.8325957145941667
0.5000147467117619 -0.20892000586216053
0.21763280206109947 -1.8325957145941667
0.9166937023048969 -2.1469127465770983
0.16667158223725398 -1.1790767455527986
0.2378043701762922 -1.8325957145941667
0.08191871678080931 -1.8325957145941667
1.0000294934235239 -0.49797831625497135
0.33334316447450796 -2.6375508337455207
0.4166789555931349 1.4798523470188538
0.6448122785053857 -2.3561944901925
0.4901132839959029 -0.7853981633975001
0.6870915038947588 -2.8797932657908336
0.8612857629623198 -1.3089969389958334
0.5000147467117619 -2.909059592912099
0.7442329684089735 -0.26179938779916667
0.4166789555931349 1.3784818587188816
0.9166937023048969 2.263286843608113
0.16667158223725398 -2.179292269013453
0.9773346648238155 2.3561944901925
0.5000147467117619 -2.202499238653422
0.4496068656997654 1.8325957145941667
0.5833505378303889 2.451615131854889
0.5833505378303889 2.0486377763298105
0.4166789555931349 2.5272288027197947
0.33334316447450796 0.41513775714622936
0.9780921339872481 -0.7853981633975001
0.25000737335588097 2.5629561425615677
0.6666863289490159 -2.8612784397636624
0.14182008046272354 -0.26179938779916667
0.7500221200676428 -0.6714305235779334
0.3288208182870648 0.26179938779916667
0.04009320981365738 0.7853981633975001
0.9897488307336407 0.26179938779916667
0.9871243833703252 -2.8797932657908336
0.9945208066330048 2.3561944901925
0.6906470049912476 -2.8797932657908336
0.4138943328726493 -2.3561944901925
0.33334316447450796 -1.1230938041612264
0.5765729097278552 1.3089969389958334
0.001 -0.13222242940284845
0.499538350760682 -1.8325957145941667
0.38566296795945176 1.8325957145941667
0.508941207947321 -0.26179938779916667
0.02204211214725693 -2.3561944901925
0.08333579111862699 -1.0785363810559825
0.5000147467117619 -2.2401087796727426
0.5833505378303889 2.1350291939131356
0.6248808229567774 1.8325957145941667
0.16667158223725398 1.3205335091649024
0.4166789555931349 0.013700136199374047
0.001 2.0777904134968272
0.8333579111862698 1.7887441007615212
0.746299936361982 0.26179938779916667
0.8333579111862698 -0.04064424560163493
0.33334316447450796 -0.3644259648631807
0.749607690102146 1.3089969389958334
0.9380698549104883 -0.7853981633975001
0.4533759114513216 2.8797932657908336
0.8927289731322173 2.8797932657908336
0.7224117566207742 0.7853981633975001
0.9728303830552408 2.8797932657908336
0.707896364084517 1.8325957145941667
0.5732365984177382 -2.3561944901925
0.22652715155598935 2.8797932657908336
0.08333579111862699 0.5183517691998247
0.33334316447450796 2.4340467935361483
0.5833505378303889 2.342633589478888
0.6553343241229433 -1.8325957145941667
0.9685625933638151 -1.8325957145941667
0.007114288722070428 -0.26179938779916667
0.5000147467117619 2.9198315317563575
0.27317092853606273 2.3561944901925
0.5833505378303889 -0.6542227993285543
0.5000147467117619 -2.0297349592067095
1.0000294934235239 -2.9663509778155643
0.015149435414287149 1.8325957145941667
0.9166937023048969 -0.4874434032413415
0.001 -2.9940492171798896
0.20994687711175142 0.26179938779916667
0.31081590385660984 2.3561944901925
0.7500221200676428 -2.9090590016580995
0.4097623770998219 -0.7853981633975001
0.13139773611027628 2.8797932657908336
0.001 -2.0994666686660177
0.6322658277490095 -2.8797932657908336
0.5087190316133324 2.3561944901925
1.0000294934235239 1.8539129285289517
0.5000147467117619 1.9355427606338695
1.0000294934235239 -0.30752760981826155
0.25000737335588097 -1.9944497127538459
0.4166789555931349 -0.9514177894034237
0.08333579111862699 0.9857174258303241
0.5373408980641246 1.3089969389958334
0.25000737335588097 -2.050629268844517
0.33334316447450796 0.12340171417289181
0.16667158223725398 -0.6005361101601698
0.9138818046945755 -1.8325957145941667
0.25000737335588097 1.174601207671338
0.06974285629147436 -2.3561944901925
0.2621658225795602 1.8325957145941667
0.9317042691719265 -2.3561944901925
0.9166937023048969 -2.1929708782921966
0.26636825767142724 2.8797932657908336
0.6658647337674265 1.8325957145941667
0.001 -2.7149329658881745
0.001 -1.0317316025726204
0.8997712644212894 -0.7853981633975001
0.8257409303259567 -2.3561944901925
0.9239464637350502 2.8797932657908336
0.14024798467439947 -2.8797932657908336
0.25000737335588097 0.5190120622465724
0.8325721163230425 -1.8325957145941667
0.33402240243829007 0.7853981633975001
0.4371491787737497 -2.3561944901925
0.44520249701708425 1.3089969389958334
0.8333579111862698 0.31067562984549024
0.6666863289490159 -1.103252175993648
0.38903187034809206 0.7853981633975001
0.5112222436068999 1.3089969389958334
0.6528964632789825 2.3561944901925
0.9166937023048969 2.7359810615251376
0.3059754072000015 -0.26179938779916667
0.19835277803626106 2.8797932657908336
0.8216749247800447 0.7853981633975001
0.32784116521308504 0.7853981633975001
0.37626342830805914 1.3089969389958334
0.8175684916874406 1.8325957145941667
0.33334316447450796 -2.5257398405600786
0.8927413586916967 -0.7853981633975001
0.16667158223725398 -2.238918827493543
0.8333579111862698 0.7720717954471441
0.5000147467117619 -0.6235563438240286
0.5827379273846006 0.7853981633975001
1.0000294934235239 2.8895965019428242
1.0000294934235239 -1.1828055856517863
0.7500221200676428 1.4968940943125766
0.28880736921277805 0.7853981633975001
0.6666863289490159 -3.0361020903653118
0.25000737335588097 -2.0540930094404484
0.5000147467117619 1.8054428158367184
0.16667158223725398 1.7138448139795965
0.9744231249138058 0.26179938779916667
0.752649578452478 -0.26179938779916667
0.25000737335588097 -1.261875576937447
0.39786679171129824 -0.7853981633975001
0.7200392035248758 1.3089969389958334
0.34509023065160116 0.7853981633975001
0.5833505378303889 -1.3833247447301995
0.08634533804159039 1.3089969389958334
0.748377578134362 -0.26179938779916667
0.9967929447904618 1.3089969389958334
0.9345778197618063 -1.8325957145941667
0.7500221200676428 1.211809176930367
0.35894560663682906 2.8797932657908336
0.8333579111862698 -0.7759721120715817
0.5833505378303889 -1.37644950518171
0.8935695866972183 2.8797932657908336
0.9317055419044724 -1.8325957145941667
0.001 2.0953783650429845
0.7885699969962704 -2.3561944901925
0.33334316447450796 -1.8022729880711001
0.38677155879663894 0.26179938779916667
0.2171807405437549 -0.26179938779916667
0.0700883339613485 -2.8797932657908336
0.4166789555931349 -3.0827195383833295
1.0000294934235239 -0.19329679312771653
1.0000294934235239 1.8292025790452922
0.08333579111862699 -1.0341489601879137
0.12149190444669855 -2.8797932657908336
0.001 -1.3172237604683266
0.8658892629637615 -1.8325957145941667
0.7500221200676428 -0.12788833444072312
1.0000294934235239 -1.2182752478293652
0.6068959836518704 2.8797932657908336
0.5883008938225173 2.3561944901925
0.16667158223725398 3.0395636906229395
0.5000147467117619 2.1017397385363
0.6030729385470891 -0.7853981633975001
0.6186956199212673 0.7853981633975001
0.9177426659125072 0.7853981633975001
0.0477834233343466 0.26179938779916667
0.1258150417838524 2.8797932657908336
0.7500221200676428 1.1364491238547867
0.5000147467117619 -0.5096653340539001
0.9809879548377028 0.26179938779916667
0.08333579111862699 -0.45806091507815516
0.5833505378303889 2.111011516238885
0.08333579111862699 2.00652319156921
0.5009068263276981 -2.8797932657908336
0.13115445841513762 -1.3089969389958334
0.8188997364979107 -2.8797932657908336
0.3610030399494871 1.3089969389958334
0.5951354685928939 2.8797932657908336
0.001 -2.3501369819175024
0.7014160016468086 -1.3089969389958334
0.5000147467117619 2.065343306164226
0.6897220584395272 2.8797932657908336
0.9166937023048969 2.697939862882304
0.16667158223725398 -1.9156247634639318
0.6243087866304415 0.26179938779916667
0.09166408995851905 1.3089969389958334
0.9166937023048969 0.020497839040617638
1.0000294934235239 1.9909915509316374
0.25000737335588097 0.3789070047512064
0.8333579111862698 2.1055995657266564
0.9166937023048969 -1.3691853671707177
0.6594826730164913 -1.8325957145941667
0.6055500279405281 -0.7853981633975001
0.11446825202814981 1.3089969389958334
0.4166789555931349 0.2842873669680359
0.4166789555931349 -2.144889847459087
0.25000737335588097 2.844984850802013
0.4166789555931349 1.7622961092741853
0.4166789555931349 -2.6825295588955558
0.86377270924811 -0.7853981633975001
0.36205724138793827 -2.8797932657908336
0.7357359380545676 2.8797932657908336
0.33334316447450796 -1.0312749208946927
0.08333579111862699 2.2348763002100185
0.42060919213275727 -0.26179938779916667
1.0000294934235239 -1.5342539274519178
0.5833505378303889 2.27028160265254
0.7906629496876791 0.7853981633975001
0.6934236647901014 0.26179938779916667
0.25000737335588097 -0.859670793737366
0.5833505378303889 1.2918466363830188
0.7500221200676428 2.707748794427876
0.29806783510099244 2.3561944901925
0.001 -0.025462752840173408
0.7814384505147265 1.3089969389958334
0.33334316447450796 1.0085477158234344
0.03983762529548174 -1.8325957145941667
0.001 1.4742478501667353
0.9166937023048969 1.7187304247857336
0.4186082517128471 0.7853981633975001
0.7500221200676428 0.3590480294403826
0.9166937023048969 -0.9141511420311055
0.6283904504684994 2.8797932657908336
0.9058450913857199 -1.3089969389958334
0.9465790768599341 -0.7853981633975001
0.9166937023048969 -0.0684880904738665
0.7623982133396875 0.7853981633975001
0.31558115840286205 1.8325957145941667
0.5235380608083452 0.7853981633975001
0.8785006711841171 2.8797932657908336
0.9166937023048969 -2.3003446558146634
0.9040627576818151 -2.8797932657908336
0.9166937023048969 -2.5270854612682125
0.9902960818858031 1.3089969389958334
0.001 -2.6164445149725384
0.5763052470767657 -0.7853981633975001
0.001 -1.5791366084173353
0.08333579111862699 1.818356286931925
0.9166937023048969 -3.085708499699031
0.4668455779229941 -2.3561944901925
0.32182122115441225 -1.8325957145941667
0.794136348294277 2.8797932657908336
0.25000737335588097 -0.8321773505619787
0.6580735926644449 0.26179938779916667
0.4850906157448499 0.26179938779916667
0.8903113396840504 2.8797932657908336
0.001 1.2876593178840716
0.33334316447450796 1.9810864910431372
0.5000147467117619 -1.1307775729339813
0.34206330224900994 -0.7853981633975001
0.08333579111862699 2.4107890509629435
0.46215462965393994 1.3089969389958334
0.3472106899914861 -1.3089969389958334
0.33334316447450796 -0.6092189160515264
0.33334316447450796 2.1559651832132944
0.8333579111862698 -1.458424224892291
0.5000147467117619 -0.0803330923748975
0.08333579111862699 -1.997716405287948
0.001 2.3175307830314873
0.5211644423798663 -1.8325957145941667
0.4166789555931349 -3.0074703873061766
0.5452574992569408 1.3089969389958334
0.16667158223725398 -0.3544605094122715
0.25000737335588097 2.895659113768658
0.8333579111862698 2.825011948496459
0.33334316447450796 -1.213233675739807
0.08232621840856802 -2.3561944901925
0.5000147467117619 -2.075759433707761
0.0673161456200152 1.8325957145941667
0.06902291731836174 -0.7853981633975001
0.9733522630054497 -1.8325957145941667
0.40506323512044495 -1.3089969389958334
0.6622132218213828 -1.8325957145941667
0.08333579111862699 -1.10021135882356
0.182557342987564 -0.7853981633975001
1.0000294934235239 2.001940163141877
0.25000737335588097 -0.4301891402635074
0.9831872832375275 1.3089969389958334
0.21050012224313575 1.3089969389958334
0.001 0.3986580647408027
0.5000147467117619 0.8082567137496413
0.33334316447450796 -1.4717254069580377
0.08333579111862699 2.2704362393341926
0.16391275231900948 -1.8325957145941667
0.16667158223725398 -1.3568375268219641
0.25000737335588097 -1.9717330653450067
0.9994638255130289 -2.8797932657908336
0.9166937023048969 1.0422807895392667
0.25000737335588097 -2.979364171957557
0.47355770506473505 -0.7853981633975001
0.25000737335588097 1.4710659046492465
0.33334316447450796 0.03669856819791395
0.43368740527581984 -0.26179938779916667
0.5886852837900657 -2.8797932657908336
0.9166937023048969 -1.7324351482926759
1.0000294934235239 -0.49841094452937096
0.38881042836162916 -0.26179938779916667
1.0000294934235239 0.07183839637463318
0.7907612512990314 -2.3561944901925
0.5833505378303889 -1.968535821573411
0.5400438683932011 2.3561944901925
0.038413857194761536 1.3089969389958334
0.5000147467117619 -2.73318277453744
0.6666863289490159 0.9673099092870956
0.18248546097737506 1.3089969389958334
0.04162631394751448 -0.26179938779916667
0.6993678990054445 0.7853981633975001
0.8333579111862698 2.541371265793682
0.682649631911408 1.8325957145941667
0.9712363905872493 -0.7853981633975001
0.001 2.000745820467669
0.6909779854037165 1.3089969389958334
0.5833505378303889 1.284433013855205
0.43081159887684317 -1.8325957145941667
0.5000147467117619 2.077391551706123
0.7500221200676428 -2.671005418442422
0.25000737335588097 0.6714932187675187
0.33334316447450796 2.4557074917714736
0.5000147467117619 -2.2109804695776125
0.3273209045117075 2.3561944901925
0.09355777530024112 1.3089969389958334
0.19904760207162753 0.26179938779916667
0.8974583479137301 -2.3561944901925
0.33334316447450796 2.7821320449153077
0.513749133516024 0.7853981633975001
0.16667158223725398 1.3230217010777396
0.08333579111862699 -2.6351942641301713
0.5833505378303889 -0.43650615385603464
0.7165270189556168 0.7853981633975001
0.6927381464482909 1.8325957145941667
0.4166789555931349 -1.1931460161805276
0.0008336056745871234 -0.26179938779916667
0.5710451942605791 -2.3561944901925
0.7817563016779595 2.8797932657908336
0.7500221200676428 -1.9525096704591793
0.1757585594206038 0.26179938779916667
0.9745364404088255 1.8325957145941667
0.6808665376918994 -2.8797932657908336
0.9333019662510408 2.8797932657908336
0.767365466946347 -0.26179938779916667
0.5833505378303889 -0.5020675940644006
0.3600892698621895 -1.8325957145941667
0.08333579111862699 2.0890563954622756
0.6666863289490159 1.4949838987346942
0.7500221200676428 0.8776242574080104
0.5000147467117619 0.036437947947478566
0.49796364091977097 2.3561944901925
0.7500221200676428 2.4969143984143436
0.48465624773775473 -1.8325957145941667
0.6666863289490159 -1.5542276442258538
0.08333579111862699 -1.7140685891403602
0.8333579111862698 -2.321004185240929
0.8333579111862698 1.543533443368517
0.6666863289490159 0.08741334332596518
0.9166937023048969 -2.5249756649435793
0.08436714818352042 0.26179938779916667
0.7745080147003822 -2.3561944901925
0.35292180371353965 1.3089969389958334
0.5996151519296642 -1.8325957145941667
0.8333579111862698 -0.3266504149972924
0.7996058888019116 -0.7853981633975001
0.1821001150057614 -0.7853981633975001
0.16667158223725398 -2.971599743263477
1.0000294934235239 -0.728493100418631
0.6137943566889611 1.3089969389958334
0.8333579111862698 -2.7009526189887816
0.9955609493956915 -2.3561944901925
0.5599560032162013 1.3089969389958334
0.8333579111862698 -0.9276945702536028
0.6666863289490159 2.743228098507613
0.25000737335588097 2.375217270782425
0.7350519150193551 -0.7853981633975001
0.8663941998243461 -1.8325957145941667
0.6199335562240713 -1.3089969389958334
0.851305047757654 0.26179938779916667
0.4914811963959811 -0.26179938779916667
0.001 -2.6924799336829333
0.6054410387033056 2.3561944901925
0.6666863289490159 1.8165825870089458
0.33334316447450796 0.44643567390217154
0.9399103624233358 0.26179938779916667
0.001 -2.6565263754455786
0.25000737335588097 2.493354668815174
0.4803144311129943 2.3561944901925
0.08333579111862699 1.7915575776647117
0.46948635777058956 1.3089969389958334
0.08333579111862699 -2.990102437735376
0.6403967412110836 0.7853981633975001
0.6666863289490159 1.9826046322577833
0.34524102667436274 0.26179938779916667
0.9166937023048969 -0.11988006878446278
0.4910220246451933 0.7853981633975001
0.08333579111862699 -2.6770247009517014
0.33334316447450796 1.9261337364780502
0.001 2.0003928928725783
0.5600210104078865 0.26179938779916667
0.25278809750913134 0.7853981633975001
0.5000147467117619 2.187636377466611
0.08333579111862699 -1.602933831991281
0.6842277575148336 2.8797932657908336
0.5833505378303889 1.7248339144351768
0.08333579111862699 -0.49743420358799595
0.25000737335588097 -0.2473358223806006
0.577577895237733 2.3561944901925
0.8399998984604291 1.8325957145941667
0.6866474988939062 2.8797932657908336
0.4558595476873317 -0.7853981633975001
0.6666863289490159 -0.671201802077003
0.17090508125374393 1.3089969389958334
0.5000147467117619 2.5281773531899017
0.3169358469139556 -1.8325957145941667
0.7103794153114299 -1.8325957145941667
0.7801237604940159 2.8797932657908336
0.16667158223725398 1.5639397672319975
0.4166789555931349 -1.1345005800706862
0.09955239130767224 0.26179938779916667
0.46092192973222734 2.8797932657908336
0.25000737335588097 -0.43388495716831166
0.2068536321750135 -1.3089969389958334
0.40783832909888973 1.8325957145941667
0.001 -0.5431389665885278
0.5833505378303889 -2.1406050854446614
1.0000294934235239 -3.0421925769841476
0.2581118635087727 0.7853981633975001
0.7500221200676428 -2.596389589341964
0.776700811815062 1.3089969389958334
0.04718476497628732 2.3561944901925
0.02174853550918343 -2.3561944901925
0.42383109217767057 2.3561944901925
0.6589757115961199 -0.7853981633975001
0.521050940818772 -1.3089969389958334
0.9166937023048969 2.8648735267969947
0.8435469179163192 -1.3089969389958334
0.001 -1.0260157371000105
0.7446611986803496 -0.7853981633975001
0.5833505378303889 -1.550393455748371
0.7500221200676428 -1.1557617341437847
0.001 -0.705968285749007
0.8597518839530401 0.26179938779916667
0.8333579111862698 1.3907115460726782
0.0587905361592711 -1.8325957145941667
0.33918682009319256 -2.3561944901925
0.5000147467117619 3.1412146062886395
0.35677758673669624 0.7853981633975001
0.9220354305861465 -2.8797932657908336
0.5584724085010068 0.7853981633975001
0.21913121042482797 2.3561944901925
0.33334316447450796 1.0019426779728766
0.8333579111862698 1.5805105838005433
0.08333579111862699 -2.464947329839004
0.8333579111862698 2.312125900672668
0.001 -3.1363957767389135
0.08333579111862699 0.9869977602728834
0.26614524898831815 -2.3561944901925
0.7500221200676428 1.4926460880039274
0.5846579725769516 -0.7853981633975001
0.02567377860500286 1.3089969389958334
0.33334316447450796 -2.5711930577385766
0.5000147467117619 1.5599252481338208
0.001 -0.39923762439005994
0.33334316447450796 -2.528040397997567
0.5109692927369422 0.26179938779916667
0.45586936378932585 -0.7853981633975001
0.7500221200676428 0.011865359831122024
0.7980916730288652 2.3561944901925
0.8333579111862698 2.4304824943787535
0.4166789555931349 -0.12179577505090045
0.6104606188949813 -2.8797932657908336
0.8333579111862698 -1.8563847245765055
0.9564839606924542 2.3561944901925
0.9774002320328249 -0.7853981633975001
0.3685906804332878 -1.8325957145941667
0.049374899666311256 -1.8325957145941667
0.33334316447450796 -2.90867044397384
0.6075945206476019 2.8797932657908336
0.8333579111862698 1.75279855911137
0.15819396312156075 2.3561944901925
0.833300201134611 -0.7853981633975001
0.8333579111862698 3.1082708712446685
0.6693860736648612 2.8797932657908336
0.25000737335588097 0.12232197933128974
0.25000737335588097 -0.19661755294856498
0.001 -2.5117924391473863
0.05729556419283843 -0.26179938779916667
0.4504475400048521 -0.7853981633975001
0.9295648307074449 -2.8797932657908336
0.9166937023048969 0.9556109414484011
0.25000737335588097 0.00041629919147734284
0.4402096318818056 0.26179938779916667
0.6383208630619773 -1.8325957145941667
0.9762460973928722 0.26179938779916667
0.9533583624235249 1.8325957145941667
0.7500221200676428 2.1326311433419516
0.5151753255201426 0.26179938779916667
0.649380396472156 -1.8325957145941667
0.05961745427407861 2.3561944901925
0.5000147467117619 -2.337759383206877
0.5000147467117619 -3.0559182775950977
0.4166789555931349 2.9624664308953035
0.9249021250045958 -2.8797932657908336
0.7981206906337551 -2.3561944901925
0.3997801757389263 -2.8797932657908336
0.6877489094008343 -0.7853981633975001
0.33594964426327867 -1.8325957145941667
1.0000294934235239 -2.5082405743829956
0.10802256950120204 1.3089969389958334
0.3470027841283695 -0.26179938779916667
0.9166937023048969 0.13275015223151376
0.7476351505583919 -2.3561944901925
0.8856792165654792 0.7853981633975001
0.3309697376056644 -1.8325957145941667
0.5000147467117619 1.7059191382729875
0.5984335522197604 1.3089969389958334
0.8333579111862698 -2.5168398196524624
0.8825979706641393 1.3089969389958334
0.5408786245674431 2.8797932657908336
0.7500221200676428 2.777546301264649
0.9166937023048969 -1.4876617250750477
0.8213333412072359 1.3089969389958334
0.9166937023048969 2.8455925094929357
0.9837054271758876 1.8325957145941667
0.9166937023048969 -0.5394391714444962
0.16667158223725398 1.3249965734601536
0.5289478651062343 -1.8325957145941667
0.5000147467117619 0.4334155643465478
0.02519623537659965 1.8325957145941667
0.14183310274245697 -0.7853981633975001
0.5433618139565582 -0.7853981633975001
0.5833505378303889 2.8425158332085143
0.001 -0.5455331081284713
0.001 -0.12379055384617033
0.8871440256756273 -0.7853981633975001
0.7944172402626076 -0.7853981633975001
0.16667158223725398 0.5284350499031909
0.16286344415537057 2.8797932657908336
0.8511135712089936 2.8797932657908336
0.3548035700662977 1.3089969389958334
0.96779704238895 -1.8325957145941667
0.33334316447450796 2.8864975921889364
0.08333579111862699 0.17481931417803498
1.0000294934235239 0.44559883453655846
0.47910160374240407 -2.8797932657908336
1.0000294934235239 2.7527126149333583
0.4166789555931349 -0.8492429710173406
0.2966899058047474 0.26179938779916667
0.25000737335588097 -1.476206554434364
0.08333579111862699 0.9630649748905737
0.5645355914024776 -0.7853981633975001
0.4166789555931349 2.5858597943381545
0.9897478319146666 -2.8797932657908336
0.03570116894935116 0.26179938779916667
0.5000147467117619 2.960747708364898
0.16667158223725398 -2.5481904762619294
0.37103301484572326 0.7853981633975001
0.5000147467117619 0.4484726878739793
0.08333579111862699 3.015143292058104
0.7255090707207436 0.26179938779916667
0.021943397415419397 -0.7853981633975001
0.5000147467117619 -2.6251489048658847
0.17770100933764654 -0.7853981633975001
0.16770036734616522 -1.3089969389958334
0.1572411854682082 0.26179938779916667
0.1080222933178101 -2.3561944901925
0.9065295790363003 1.3089969389958334
0.25000737335588097 -0.5722942132650393
0.33334316447450796 -2.33813237299491
0.9334889535367102 -2.3561944901925
0.26713360115986307 -1.3089969389958334
0.9939495693125563 -1.8325957145941667
0.16667158223725398 0.09033056301251063
0.9918541951514424 1.8325957145941667
0.33334316447450796 -3.1021312993328385
0.8292602518557494 1.3089969389958334
0.004920041772481842 1.8325957145941667
0.6378450165183963 -2.8797932657908336
0.536654418023454 -1.8325957145941667
0.5833505378303889 0.9615296710056365
0.7701895551230354 0.7853981633975001
0.8333579111862698 -0.5649691800313676
0.5719116375976022 0.26179938779916667
0.001 -3.060157503333345
0.11340901241235046 0.7853981633975001
0.06162758146017089 -1.8325957145941667
0.4448168855006992 -1.8325957145941667
1.0000294934235239 -2.9470884303421956
0.4166789555931349 0.8922628405918358
0.5223503294490557 1.8325957145941667
0.08333579111862699 3.007017819731333
0.8044228076098604 -1.3089969389958334
0.33334316447450796 0.8634306560082088
0.5731589759489514 2.3561944901925
0.3047310856187835 0.7853981633975001
1.0000294934235239 1.8484767217475309
0.4166789555931349 0.8556770906288569
0.33334316447450796 2.38977602967587
0.7165656954824404 2.8797932657908336
0.16667158223725398 -0.4315594267234326
0.11149813906339834 1.8325957145941667
0.9166937023048969 -1.4572157491106614
0.5000147467117619 0.3061930289462733
0.5000147467117619 0.6543886864723518
0.4166789555931349 1.2814197098447808
0.841985657214763 -2.3561944901925
0.7500221200676428 2.680942840646251
0.6666863289490159 2.1120828699148912
0.2009374705966943 0.26179938779916667
0.5273562689877076 -2.8797932657908336
0.4166789555931349 -0.5695642279581752
0.16667158223725398 1.2318080699962026
0.7962585901979714 0.26179938779916667
0.5000147467117619 1.0413043132170046
0.5000147467117619 -2.7226050033684324
0.4462262963410547 -1.8325957145941667
0.16667158223725398 -2.315193269429887
0.33334316447450796 0.30153590419969944
0.33334316447450796 1.8742138478468542
0.7500221200676428 0.4353741238899893
0.16642081302574396 -1.3089969389958334
0.5000147467117619 1.273251830315738
0.9166937023048969 -0.7981299842053877
0.4166789555931349 -0.6633982226974942
0.4314663973582624 0.7853981633975001
0.42860404815560516 -1.3089969389958334
0.35239848399979046 -2.8797932657908336
0.5000147467117619 -1.2316420096644825
0.25000737335588097 1.4843140028567694
0.4166789555931349 1.718136247753371
0.5833505378303889 -2.2900554795870596
0.5000147467117619 -0.7934721689612774
0.8022712809904515 -2.8797932657908336
0.12542189762927292 0.7853981633975001
0.5416065142222595 1.3089969389958334
0.31277128471435756 1.3089969389958334
0.027174413426455324 -1.3089969389958334
0.8478810652663918 0.7853981633975001
0.0013906409550350496 2.8797932657908336
0.5018781906437548 -0.26179938779916667
0.7500221200676428 1.522335532161204
0.8278736305701104 -2.8797932657908336
1.0000294934235239 -1.8462599989996198
0.25916359985034054 2.3561944901925
0.7740699183487466 -1.8325957145941667
0.12679571478363505 0.7853981633975001
0.9830281734276715 -1.3089969389958334
0.8388805933589908 -2.8797932657908336
0.40837845272568674 2.3561944901925
0.8333579111862698 1.5436920129181244
0.8333579111862698 0.1608542284572687
0.8333579111862698 2.6315745951331877
0.7500221200676428 -2.0633889605561597
0.25000737335588097 2.2103027240222834
0.2458345185070392 -2.8797932657908336
0.5000147467117619 -1.1826718319940939
0.33334316447450796 1.2239347266764806
0.34579152884349373 -0.26179938779916667
0.001 -2.632512254936085
0.5833505378303889 -1.981984846846585
0.8232545604924905 -1.3089969389958334
0.25000737335588097 -3.017619936763485
0.1492799118306526 2.8797932657908336
0.15401766653994242 0.7853981633975001
0.4166789555931349 2.9217999445112746
0.5000147467117619 -2.6720339257811423
0.5464464222939702 -1.3089969389958334
0.6738101231400633 -0.26179938779916667
1.0000294934235239 2.4757239769353365
0.3245628155481405 1.8325957145941667
0.07957810256773834 2.3561944901925
0.06900817646379531 1.8325957145941667
0.08333579111862699 0.496486111747668
0.001 2.7935244568227526
0.31958195746787166 1.8325957145941667
1.0000294934235239 1.3210047168235919
0.15303596048678036 1.3089969389958334
0.9633750663500681 -1.8325957145941667
0.6198333083754481 2.8797932657908336
0.11024717752502877 -0.26179938779916667
1.0000294934235239 1.7619165214675023
0.08333579111862699 -1.9053093184951526
0.33334316447450796 -2.862930173052646
0.2747899250005609 0.26179938779916667
0.910470376259107 -0.26179938779916667
0.0967260211551434 -0.7853981633975001
0.25000737335588097 -2.9461556247806207
0.16667158223725398 -1.2159573830094967
0.16667158223725398 2.968025496282471
0.4109831581631128 -0.7853981633975001
0.5833505378303889 1.8731346047513782
0.2412327545621702 -2.3561944901925
0.16667158223725398 2.0061139120572564
0.33334316447450796 0.6416930840034873
1.0000294934235239 -1.5492673017052043
0.4166789555931349 2.7932052358063872
0.9623319381717177 1.8325957145941667
1.0000294934235239 -0.6561374112349845
0.8499848117918172 -0.7853981633975001
0.5833505378303889 0.8586928097825872
0.40539082380742486 0.7853981633975001
0.11373755446118361 0.7853981633975001
0.9166937023048969 1.4429027460854265
0.8718987284656753 2.3561944901925
0.5000147467117619 -2.3573076842666287
0.7108421943488217 2.3561944901925
0.16667158223725398 -1.8163549201373497
0.05582027524517175 -1.3089969389958334
0.021703296814963302 -1.8325957145941667
0.9426151236671596 -0.7853981633975001
0.001 -3.1126809803856714
0.5298379941145641 -1.8325957145941667
0.5467468757509089 1.3089969389958334
0.28824330570577894 1.3089969389958334
0.7500221200676428 3.0706565247159805
0.38549347542946655 -2.8797932657908336
0.9166937023048969 -1.1658738296830693
0.8919218172925659 0.7853981633975001
0.6666863289490159 -2.314744312436874
0.7500221200676428 0.8462153190430679
1.0000294934235239 0.17065042806547792
0.33334316447450796 2.983222025079489
0.3441187558791903 -2.8797932657908336
0.8187738897210711 2.3561944901925
0.021236618013898423 -0.26179938779916667
0.001 0.128710247526989
0.7500221200676428 -1.5324829929160082
0.33334316447450796 -0.8698630115103629
0.7500221200676428 2.3658919549506683
0.7254655931256042 -2.3561944901925
0.9712158186862299 1.3089969389958334
0.5546614255484164 1.3089969389958334
0.5041087870617433 -0.26179938779916667
0.9166937023048969 -3.0359545326586184
0.5000147467117619 1.1147163271284333
0.906682812496645 2.8797932657908336
0.33334316447450796 1.7848840001195168
0.9478586192598779 -2.3561944901925
0.4625850957796219 0.7853981633975001
0.31724851402851795 -0.7853981633975001
0.16667158223725398 0.2570972775948528
0.3174868276630881 -0.26179938779916667
0.5833505378303889 2.5630461427865523
0.7500221200676428 0.9835992406562282
0.33334316447450796 -0.8318026759074231
0.19460725276595403 0.26179938779916667
0.36221497206593534 2.3561944901925
0.6666863289490159 -2.6760098476826495
0.13472943027133633 -2.3561944901925
0.7259531010697257 2.3561944901925
0.001 0.28998822210664876
0.5833505378303889 0.6659898856682256
0.16667158223725398 -1.3257395963109269
0.16166832054859737 -1.3089969389958334
0.6395749543065496 1.3089969389958334
0.6102496728228844 -2.3561944901925
0.7635546485259858 0.26179938779916667
0.527838748948323 -0.26179938779916667
0.9892882939453372 1.8325957145941667
0.001 -0.1962489970635488
0.45771034381405495 2.8797932657908336
0.7573069013700808 0.26179938779916667
0.33334316447450796 -1.3741691989936546
0.001 1.2365375371421283
0.7500221200676428 -0.09683157111267793
0.5000147467117619 1.7149126898843186
0.5000147467117619 -1.1005062637443568
0.7500221200676428 -1.3930254782145703
0.5833505378303889 -0.8773723434715266
0.6666863289490159 -0.17023010579436137
1.0000294934235239 0.8550092634441651
0.5000147467117619 0.4588661080619727
0.08333579111862699 -1.7349555893612287
0.8333579111862698 2.366987598737267
0.1555281194947047 1.3089969389958334
0.4610082177917606 -2.8797932657908336
0.9224919463467167 -1.3089969389958334
0.08333579111862699 2.3943527729193566
0.33334316447450796 0.7538976254823875
1.0000294934235239 2.537232786683968
0.5693244813572632 2.3561944901925
0.17902670286448086 0.26179938779916667
0.9166937023048969 2.479731762804188
0.3397650465766452 1.3089969389958334
0.6666863289490159 -0.5224982381930023
0.5833505378303889 -2.271005018312962
0.6714539122623941 2.8797932657908336
0.804466042160908 -1.8325957145941667
0.7859132051452641 -2.3561944901925
0.25000737335588097 -1.5277390210500466
0.7500221200676428 -0.58962153092518
0.12308855571855104 2.3561944901925
0.7716558776433734 2.8797932657908336
0.9166937023048969 2.788675145432973
0.021109895320617134 -2.8797932657908336
0.5000147467117619 1.5233609884209178
0.5833505378303889 -1.9477068881069577
0.08333579111862699 0.3360201805173948
0.6918502763653857 -1.3089969389958334
0.9931552883300048 0.26179938779916667
0.08333579111862699 1.280078220344122
0.8333579111862698 2.392483918073143
0.16667158223725398 -1.4956379922469618
0.25000737335588097 1.5408198911581552
0.32164326165974255 -0.7853981633975001
0.10767765495362547 0.26179938779916667
0.33334316447450796 0.022068458002838742
0.9802106189773724 0.7853981633975001
0.35501251114736165 -2.8797932657908336
0.18488549918111097 1.8325957145941667
0.16667158223725398 -0.35323239234371906
0.5126049988343866 -2.8797932657908336
0.8440045716537914 -0.26179938779916667
0.18063163993315912 -1.3089969389958334
0.001 2.6616252487834666
0.16667158223725398 -2.220317943541705
1.0000294934235239 -2.899623771790889
0.6666863289490159 -1.9921728629551319
0.6666863289490159 -0.6951396285753146
0.09695625737846192 -1.3089969389958334
0.564592869605571 -0.7853981633975001
0.5833505378303889 -1.213047358949011
0.056257493703781414 1.8325957145941667
0.4166789555931349 2.4513119596100177
0.20120150962806416 -1.3089969389958334
0.7500221200676428 -1.038542910127481
0.33334316447450796 0.8317852993847317
0.8674435525042219 -2.3561944901925
0.5172357163530308 -1.8325957145941667
0.011910387162501368 -2.3561944901925
0.7500221200676428 1.1171413027610653
0.08440934785175747 -2.3561944901925
0.001 1.7561216470278502
0.7677849667151239 1.3089969389958334
0.29436267834658425 -2.8797932657908336
0.8333579111862698 1.934906472871785
0.4297925821679651 -2.8797932657908336
0.9166937023048969 0.6735234306181246
0.7500221200676428 0.6168788691205638
0.9294155892082938 -2.3561944901925
0.36263373027842716 1.8325957145941667
